aX,aY,aZ,gX,gY,gZ
-1.1444283935546875, 0.13646949462890623, 8.59278975830078, 3.8931297709923665, -15.86259541984733, 13.34351145038168
-0.6488286499023437, -0.22026655273437498, 10.309432348632813, 12.725190839694656, -4.374045801526718, 10.664122137404581
-0.8738836059570312, 0.13407529296874998, 10.40041201171875, 4.473282442748092, -3.6030534351145036, 4.083969465648855
-1.35990654296875, -1.2832920898437499, 11.271901416015623, 47.51908396946565, -15.435114503816793, 5.282442748091603
-0.5482721801757812, -1.1563994018554686, 9.162609753417968, 250.12977099236642, -50.725190839694655, 2.9083969465648853
0.296881005859375, 9.157821350097656, -4.314351391601562, 250.12977099236642, -54.908396946564885, 48.88549618320611
1.199495031738281, 11.394005700683593, -5.755660791015624, 66.46564885496183, -30.34351145038168, 6.511450381679389
0.8020575561523438, 12.00931552734375, -7.0652890991210935, -118.1145038167939, -19.633587786259543, -8.679389312977099
0.0430956298828125, 9.871293444824218, -3.134009973144531, -250.13740458015266, 19.748091603053435, -15.946564885496183
0.86191259765625, 2.3056161987304686, 6.682216833496093, -250.13740458015266, 27.641221374045802, 2.3206106870229006
-2.3056161987304686, -3.6367923217773437, 10.28549033203125, -193.206106870229, 29.198473282442748, -5.351145038167939
-0.6416460449218749, -2.987963671875, 10.359710583496094, 82.59541984732824, -8.900763358778626, 19.938931297709924
-0.8164227661132812, -0.34715924072265625, 10.13226142578125, 0.816793893129771, 0.8854961832061069, -5.320610687022901
-1.3718775512695311, -1.2497732666015624, 10.460267053222656, 17.404580152671755, -9.297709923664122, 6.854961832061068
-0.8978256225585937, -0.603338818359375, 10.218452685546874, 27.610687022900763, -6.114503816793893, -3.122137404580153
-1.1947066284179686, 0.02154781494140625, 10.237606298828124, 6.175572519083969, -4.419847328244275, -4.145038167938932
-0.7206546997070312, 0.031124621582031248, 10.309432348632813, 2.8396946564885495, 1.0076335877862594, -2.2442748091603053
-0.7015010864257812, 0.15322890625, 10.436325036621094, 0.2824427480916031, -1.6412213740458015, 3.1908396946564888
-0.5770026000976562, -0.13407529296874998, 10.51533369140625, 0.12213740458015267, -1.7557251908396947, -2.2061068702290076
-0.7948749511718749, -1.0630255371093749, 11.166556542968749, 57.61068702290076, -7.114503816793893, 2.5419847328244276
-0.39264907226562495, -0.4070142822265625, 9.457096557617186, 250.12977099236642, -32.786259541984734, 5.221374045801527
-0.12449848632812499, 8.556876733398436, -0.028730419921875, 250.12977099236642, -46.0, 29.213740458015266
0.45968671875, 11.336544860839844, -5.1690813842773435, 183.2824427480916, -41.12213740458015, 3.236641221374046
0.42377369384765623, 9.191340173339842, -4.965574243164062, -39.603053435114504, -8.816793893129772, -1.8091603053435115
0.5363011718749999, 12.203245861816406, -4.778826513671874, -250.13740458015266, 21.267175572519083, 0.5343511450381679
-0.59376201171875, 7.122749938964843, 1.678335363769531, -250.13740458015266, 16.99236641221374, 9.893129770992367
0.7685387329101562, -0.7613561279296874, 6.842628344726562, -250.13740458015266, 85.54961832061069, -14.748091603053435
-1.1755530151367186, -7.101202124023437, 11.116278308105468, 53.41984732824427, -18.03053435114504, 24.33587786259542
-0.44532150878906246, -0.15322890625, 9.629479077148437, 62.58015267175573, -7.9465648854961835, -1.5190839694656488
-1.1252747802734375, -1.216254443359375, 10.690110412597656, -31.717557251908396, 0.4122137404580153, 5.068702290076335
-0.8068459594726562, -1.5538368774414062, 10.369287390136718, 14.83206106870229, -6.870229007633588, -1.9083969465648856
-0.7398083129882812, -0.7637503295898437, 10.24718310546875, 15.358778625954198, -5.137404580152672, 1.7404580152671756
-0.74699091796875, -0.39264907226562495, 10.378864196777343, -1.6259541984732824, -1.0, -0.7480916030534351
-0.737414111328125, -0.373495458984375, 10.381258398437499, -7.122137404580153, -1.4274809160305344, -0.22900763358778625
-0.7422025146484375, -0.584185205078125, 10.340556970214843, 0.3893129770992366, 0.40458015267175573, -0.7251908396946565
-1.16837041015625, -2.9927520751953125, 11.585541833496093, 126.18320610687023, -16.52671755725191, 5.450381679389313
-0.3112462158203125, 0.5339069702148437, 6.102820031738281, 250.12977099236642, -41.83969465648855, 14.068702290076336
0.29927520751953124, 8.916006982421875, -6.794744311523437, 250.12977099236642, -66.52671755725191, 60.229007633587784
0.9409212524414062, 12.679691992187498, -8.863334545898438, -78.35114503816794, -14.633587786259541, 6.900763358778626
0.2825157958984375, 8.20971749267578, -4.879382983398437, -50.89312977099237, -12.65648854961832, -2.3893129770992365
0.9959878906249999, 11.458649145507811, -4.405331054687499, -250.13740458015266, 28.045801526717558, -16.435114503816795
-0.26336218261718747, 5.6024318847656245, 2.4564509033203126, -250.13740458015266, 12.786259541984732, 16.0381679389313
-1.3479355346679687, -4.3263223999023435, 9.715670336914062, -250.13740458015266, 62.63358778625954, -31.31297709923664
-0.28730419921875, -3.5984850952148437, 10.251971508789062, 71.22900763358778, -9.83969465648855, 36.25954198473283
-0.8188169677734375, -0.8451531860351562, 9.995791931152343, -8.17557251908397, 1.1603053435114503, -6.0458015267175576
-1.189918225097656, -1.6352397338867186, 10.297461340332031, 12.007633587786259, -6.076335877862595, 2.5572519083969465
-0.8164227661132812, -1.3455413330078123, 10.297461340332031, -4.213740458015267, -3.6412213740458017, 3.3053435114503817
-0.928950244140625, -1.2928688964843749, 10.034099157714843, 7.702290076335878, -2.8625954198473282, 1.6717557251908397
0.19393033447265623, -0.9409212524414062, 10.556035119628906, -11.038167938931299, 3.969465648854962, 2.5419847328244276
-1.1468225952148436, -1.1061211669921875, 10.733206042480468, 13.13740458015267, -0.24427480916030533, -4.450381679389313
-0.6584054565429687, -0.852335791015625, 10.307038146972655, 0.2824427480916031, -9.541984732824428, -1.6106870229007633
-0.7613561279296874, -2.138022082519531, 10.876858142089842, 71.86259541984732, -5.778625954198473, -1.0305343511450382
-0.47165772705078124, -0.43574470214843747, 8.25520732421875, 250.12977099236642, -36.93893129770992, 3.236641221374046
0.7900865478515624, 9.916783276367187, -2.6001030029296874, 250.12977099236642, -40.083969465648856, 15.374045801526718
0.9337386474609375, 11.654973681640625, -5.884947680664062, 111.41984732824427, -19.12213740458015, 5.770992366412214
0.689530078125, 11.439495532226562, -5.568913061523437, -190.29007633587787, 7.916030534351145, -6.030534351145038
0.105344873046875, 9.373299499511718, -0.8403647827148437, -250.13740458015266, 26.931297709923665, -0.7862595419847328
1.1085153686523437, 1.9512743530273435, 6.050147595214844, -250.13740458015266, 36.38931297709924, 11.053435114503817
-1.8507178833007811, -4.446032482910156, 10.678139404296875, -142.45801526717557, 10.427480916030534, 7.190839694656488
-0.4381389038085937, -1.8148048583984373, 10.220846887207031, 79.36641221374046, -5.488549618320611, 10.297709923664122
-0.5099649536132812, -0.20350714111328125, 10.232817895507813, -12.816793893129772, 1.984732824427481, -3.5343511450381677
-0.6177040283203125, -1.3838485595703125, 10.43153663330078, -10.473282442748092, -3.1068702290076335, 5.595419847328245
-0.7733271362304687, -1.0582371337890624, 10.223241088867187, 8.045801526717558, -4.603053435114504, -1.5190839694656488
-0.6919242797851562, -0.8930372192382812, 10.007762939453125, -5.801526717557252, 1.916030534351145, -5.213740458015267
-0.488417138671875, 2.2768857788085937, 3.248931652832031, 250.12977099236642, -40.87786259541985, 11.801526717557252
0.1149216796875, 9.294290844726563, -5.626373901367187, 250.12977099236642, -57.3206106870229, -1.1068702290076335
0.6105214233398437, 11.166556542968749, -8.20971749267578, -94.2442748091603, -17.480916030534353, -2.7709923664122136
0.3687070556640625, 11.077971081542968, -5.487510205078125, -217.3587786259542, 4.6106870229007635, -4.0
0.05027823486328125, 9.74200655517578, -0.6655880615234374, -250.13740458015266, 27.03053435114504, 4.679389312977099
1.3838485595703125, 1.20667763671875, 5.513846423339843, -250.13740458015266, 60.89312977099237, 12.740458015267176
-2.987963671875, -10.47702646484375, 11.288660827636718, -57.916030534351144, -15.106870229007633, -1.916030534351145
-0.3327940307617187, -1.3407529296874998, 9.04050546875, 85.41221374045801, -7.587786259541985, 6.343511450381679
-1.9129671264648436, -6.042964990234375, 12.533645690917968, 50.79389312977099, -4.809160305343512, -1.2061068702290076
-0.40222587890625, -4.082113830566406, 3.047818713378906, 250.12977099236642, -34.52671755725191, 30.16030534351145
0.6536170532226562, 14.523227270507812, -9.854534033203125, 250.12977099236642, -64.41221374045801, 9.419847328244275
1.6304513305664061, 12.90235274658203, -8.192958081054687, -250.13740458015266, 30.52671755725191, -21.12213740458015
-0.8068459594726562, 4.335899206542969, 2.8012159423828122, -250.13740458015266, 5.885496183206107, 2.2061068702290076
-1.6807295654296874, -6.770802294921874, 8.966285217285156, -250.13740458015266, 51.900763358778626, -31.244274809160306
-0.5746083984375, -5.058948107910156, 9.382876306152344, 141.05343511450383, -14.80916030534351, 29.16793893129771
-0.7852981445312499, -1.1133037719726562, 9.813832604980469, 0.09923664122137404, 12.221374045801527, -11.67175572519084
-1.16837041015625, -1.5562310791015623, 10.019733947753906, 1.1221374045801527, -1.6793893129770991, -0.3969465648854962
-1.3096283081054687, -1.7597382202148437, 10.168174450683592, 0.816793893129771, -2.717557251908397, 0.4351145038167939
-1.3215993164062498, -1.7597382202148437, 10.043675964355469, 1.8473282442748091, -2.5572519083969465, -0.4122137404580153
-1.3215993164062498, -1.9704279663085937, 10.192116467285155, 1.7786259541984732, -1.748091603053435, 0.07633587786259542
-1.4867992309570313, -4.599261389160156, 10.9175595703125, 191.5801526717557, -12.793893129770993, 5.465648854961832
-0.8667010009765624, 0.9888052856445312, 5.504269616699219, 250.12977099236642, -30.85496183206107, 14.465648854961833
-0.4740519287109375, 10.66137999267578, -5.331887097167969, 250.12977099236642, -44.786259541984734, 23.206106870229007
0.7972691528320313, 14.592659118652342, -9.09796630859375, -79.12977099236642, -0.8244274809160306, -8.83969465648855
0.833182177734375, 11.908759057617187, -4.632780212402343, -250.13740458015266, 38.56488549618321, -19.977099236641223
-1.209071838378906, 5.65031591796875, 2.47081611328125, -250.13740458015266, 8.053435114503817, -5.450381679389313
-1.455674609375, -5.499481213378906, 8.681375219726561, -250.13740458015266, 62.083969465648856, -28.69465648854962
-0.6105214233398437, -5.84185205078125, 9.888052856445311, 175.5267175572519, -6.809160305343512, 38.11450381679389
-0.8954314208984374, 1.2808978881835937, 9.270348828125, -0.10687022900763359, 4.1603053435114505, -17.85496183206107
-2.1021090576171875, -2.2170307373046874, 10.64222637939453, -1.4885496183206106, -6.587786259541985, 8.13740458015267
-1.6711527587890624, -0.7805097412109374, 10.084377392578125, 10.938931297709924, -3.2595419847328246, -3.1603053435114505
-1.6160861206054686, -1.0462661254882812, 9.976638317871092, 3.618320610687023, -4.900763358778626, 3.9923664122137406
-1.4437036010742186, -0.8164227661132812, 10.184933862304687, -0.1297709923664122, -4.198473282442748, -0.5267175572519084
-1.68551796875, -0.689530078125, 10.242394702148436, 0.46564885496183206, -3.1908396946564888, -3.9083969465648853
-1.4317325927734375, -0.7110778930664062, 10.184933862304687, -1.3282442748091603, -2.8625954198473282, -0.6564885496183206
-1.43652099609375, -0.833182177734375, 10.357316381835936, 0.15267175572519084, -3.0381679389312977, -1.984732824427481
-1.675941162109375, -2.0470424194335934, 10.62307276611328, 169.33587786259542, -16.46564885496183, 7.1679389312977095
-1.2737152832031249, 2.29843359375, 8.243236315917969, 250.12977099236642, -23.65648854961832, 11.564885496183207
-0.5602431884765625, 7.323862878417969, -2.3439234252929686, 250.12977099236642, -40.900763358778626, 42.396946564885496
1.4700398193359374, 13.625401647949218, -8.734047656249999, 148.5801526717557, -18.885496183206108, 3.3969465648854964
0.19153613281249998, 9.801861596679688, -5.753266589355468, -238.25190839694656, 5.679389312977099, -14.290076335877863
-0.7876923461914062, 9.210493786621093, -2.0566192260742184, -250.13740458015266, 37.534351145038165, -19.053435114503817
0.28490999755859375, 0.4165910888671875, 6.41646044921875, -250.13740458015266, 48.80152671755725, -12.114503816793894
-2.750937707519531, -7.189787585449218, 11.379640490722656, -58.83206106870229, -8.664122137404581, 5.259541984732825
-1.0965443603515623, -0.5291185668945312, 9.622296472167967, 101.1145038167939, -6.374045801526718, 5.908396946564886
-1.8363526733398436, 0.0047884033203125, 10.151415039062499, -31.557251908396946, 5.4961832061068705, -6.969465648854962
-1.3718775512695311, -1.419761584472656, 10.280701928710936, 2.7938931297709924, -5.129770992366412, 3.6259541984732824
-1.4796166259765624, -0.488417138671875, 9.988609326171874, 9.618320610687023, -2.648854961832061, 0.2366412213740458
-1.3958195678710936, -0.6823474731445313, 10.127473022460936, 0.8473282442748091, -2.015267175572519, -0.2748091603053435
-1.4437036010742186, -0.6200982299804687, 10.216058483886718, -1.633587786259542, -0.8473282442748091, -0.5038167938931297
-1.5298948608398437, -0.7781155395507812, 10.228029492187499, 0.7557251908396947, -1.748091603053435, -0.6106870229007634
-1.6304513305664061, -0.6296750366210937, 10.096348400878906, 2.6946564885496183, -1.4045801526717556, -0.4351145038167939
-1.867477294921875, -2.1356278808593747, 10.50815108642578, 125.59541984732824, -11.114503816793894, 4.137404580152672
-1.2497732666015624, 1.3742717529296875, 7.089231115722656, 250.12977099236642, -33.99236641221374, 20.290076335877863
-0.6871358764648438, 10.943895788574219, -2.839523168945312, 250.12977099236642, -42.717557251908396, 26.68702290076336
-0.016759411621093748, 7.331045483398437, -6.102820031738281, 250.12977099236642, -40.900763358778626, 18.3206106870229
1.1061211669921875, 13.302184423828125, -10.486603271484375, -224.7175572519084, -10.396946564885496, -18.572519083969464
-1.4125789794921875, 5.817910034179687, -4.458003491210937, -250.13740458015266, 47.61068702290076, -35.0763358778626
-0.8499415893554687, -2.6240450195312497, 7.733271362304687, -250.13740458015266, 74.96946564885496, -23.045801526717558
-2.099714855957031, -5.116408947753906, 10.412383020019531, 97.04580152671755, -30.977099236641223, 39.74045801526717
-1.1324573852539062, -1.5562310791015623, 9.421183532714844, -45.30534351145038, 1.717557251908397, 0.26717557251908397
-1.8698714965820311, -2.5043349365234375, 9.868899243164062, 13.923664122137405, -7.3893129770992365, 7.030534351145038
-1.656787548828125, -2.4013842651367185, 10.04846436767578, 3.0916030534351147, -3.3282442748091605, 1.916030534351145
-1.6519991455078125, -1.9105729248046874, 9.718064538574218, 17.244274809160306, -5.022900763358779, 2.9083969465648853
-1.7645266235351562, -1.1611878051757811, 10.259154113769531, 0.4122137404580153, -2.2061068702290076, -0.2366412213740458
-1.6998831787109374, -1.1420341918945311, 9.995791931152343, 1.9083969465648856, -2.931297709923664, -1.0763358778625953
-1.6831237670898436, -1.13006318359375, 9.964667309570311, 0.9694656488549618, -2.1603053435114505, -0.9236641221374046
-1.6639701538085936, -1.0582371337890624, 10.053252770996092, 2.0076335877862594, -1.7709923664122138, -0.46564885496183206
-1.8339584716796873, -1.3575123413085937, 10.242394702148436, 6.809160305343512, -0.7862595419847328, -0.26717557251908397
-1.7405846069335937, -0.8212111694335937, 10.287884533691406, 79.17557251908397, -6.396946564885496, 4.206106870229007
-2.0470424194335934, -1.3407529296874998, 8.152256652832031, 250.12977099236642, -33.083969465648856, 15.030534351145038
-0.699106884765625, 7.417236743164062, -5.42047255859375, 250.12977099236642, -57.267175572519086, 58.01526717557252
1.2330138549804688, 13.338097448730467, -9.658209497070311, 50.99236641221374, -15.16030534351145, 2.236641221374046
0.3495534423828125, 10.31661495361328, -6.449979272460937, -250.13740458015266, 26.480916030534353, -25.061068702290076
-1.7286135986328124, 7.364564306640625, 1.0007762939453124, -250.13740458015266, 12.549618320610687, -3.931297709923664
-0.011971008300781249, -1.3383587280273437, 7.752424975585937, -250.13740458015266, 76.73282442748092, -24.862595419847327
-1.8746598999023436, -5.513846423339843, 10.740388647460938, 74.00763358778626, -9.083969465648854, 26.106870229007633
-1.6424223388671875, 0.7206546997070312, 9.437942944335937, 25.87786259541985, -5.404580152671755, -0.42748091603053434
-1.8555062866210936, -1.7525556152343749, 10.524910498046875, -13.13740458015267, -2.5419847328244276, 9.259541984732824
-1.5418658691406248, 0.009576806640625, 9.782707983398437, -0.5954198473282443, -1.0381679389312977, 1.8396946564885497
-1.8052280517578123, -0.6775590698242188, 10.103531005859374, 1.2290076335877862, -1.3206106870229009, 0.8244274809160306
-1.8171990600585937, -0.6344634399414062, 10.151415039062499, 0.26717557251908397, -1.786259541984733, 0.3893129770992366
-1.8459294799804686, -0.6775590698242188, 10.072406384277343, 0.5572519083969466, -2.549618320610687, 0.4198473282442748
-1.9536685546875, -0.7733271362304687, 10.232817895507813, 5.343511450381679, -3.122137404580153, -0.648854961832061
-2.0638018310546875, -2.3367408203125, 10.711658227539061, 213.48091603053436, -20.282442748091604, 8.32824427480916
-1.5729904907226562, 2.5713725830078125, 3.1316157714843746, 250.12977099236642, -42.17557251908397, 30.137404580152673
-0.28490999755859375, 11.769895361328125, -6.6510922119140625, 250.12977099236642, -41.908396946564885, 17.6793893129771
0.2609679809570312, 10.1131078125, -9.33978067626953, 159.74045801526717, -17.9618320610687, 14.534351145038167
0.296881005859375, 9.435548742675781, -7.912836486816405, -250.13740458015266, 4.809160305343512, -14.908396946564885
-0.9241618408203125, 9.710881933593749, -2.9281086303710935, -250.13740458015266, 30.85496183206107, -21.763358778625953
0.3136404174804687, 2.549824768066406, 6.351817004394531, -250.13740458015266, 25.862595419847327, -5.244274809160306
-3.0262708984374997, -6.320692382812499, 10.927136376953124, -164.3969465648855, 6.267175572519084, -19.50381679389313
-1.448492004394531, -1.3096283081054687, 9.519345800781249, 86.64885496183206, -12.67175572519084, 18.46564885496183
-1.446097802734375, -1.1563994018554686, 10.381258398437499, -28.3206106870229, 2.2748091603053435, -2.0763358778625953
-1.5873557006835937, -1.2569558715820313, 10.144232434082031, 15.129770992366412, -5.641221374045801, -1.2290076335877862
-1.5658078857421873, -0.7996633544921875, 10.24000050048828, -0.6183206106870229, -3.381679389312977, -0.8396946564885496
-1.6136919189453125, -0.7541735229492187, 10.180145458984374, 1.8625954198473282, -1.213740458015267, -0.7633587786259542
-1.707065783691406, -0.8714894042968749, 10.089165795898436, 1.5954198473282444, -3.2977099236641223, 0.1450381679389313
-1.7621324218749999, -0.6823474731445313, 10.156203442382813, -0.5190839694656488, -2.2213740458015265, -1.251908396946565
-1.7621324218749999, -0.6560112548828124, 10.108319409179687, -0.8244274809160306, -2.068702290076336, -0.8244274809160306
-1.85790048828125, -2.6958710693359373, 10.900800158691405, 126.17557251908397, -11.0, 4.038167938931298
-1.5370774658203123, 0.12689268798828124, 8.2360537109375, 250.12977099236642, -26.671755725190838, 12.854961832061068
-0.354341845703125, 8.525752111816406, -3.4907460205078125, 250.12977099236642, -34.02290076335878, 38.12213740458015
0.7781155395507812, 12.725181823730468, -10.498574279785156, 249.25190839694656, -18.14503816793893, 20.0
-0.11013327636718749, 8.319850769042969, -7.094019519042968, -230.04580152671755, -1.0305343511450382, -10.717557251908397
-0.46208092041015625, 9.706093530273437, -3.3399113159179685, -250.13740458015266, 42.93893129770992, -22.251908396946565
-0.9217676391601562, 4.374206433105469, 5.746083984375, -250.13740458015266, 7.824427480916031, -5.801526717557252
-1.2569558715820313, -2.9568390502929685, 9.662997900390625, -250.13740458015266, 54.97709923664122, -19.755725190839694
-1.675941162109375, -2.935291235351562, 10.417171423339843, 83.10687022900764, -17.17557251908397, 26.0
-1.5083470458984374, 0.16519991455078123, 9.670180505371093, -7.511450381679389, 0.8625954198473282, -11.633587786259541
-1.6136919189453125, -1.4149731811523436, 10.187328063964843, 6.221374045801527, -4.473282442748092, 8.083969465648854
-1.62805712890625, -0.6584054565429687, 10.24718310546875, 5.3893129770992365, -1.015267175572519, -1.1297709923664123
-1.9033903198242186, -0.9409212524414062, 9.983820922851562, -2.236641221374046, -2.0916030534351147, -0.4580152671755725
-1.8938135131835936, -1.0630255371093749, 10.060435375976562, -0.9389312977099237, -1.2366412213740459, -0.2595419847328244
-1.8650830932617186, -0.8188169677734375, 10.038887561035155, -1.1603053435114503, -2.0839694656488548, 1.6793893129770991
-2.020706201171875, -0.9744400756835937, 10.184933862304687, 6.145038167938932, -3.236641221374046, -0.549618320610687
-1.7381904052734374, -1.350329736328125, 10.280701928710936, 11.335877862595419, -0.030534351145038167, -0.6946564885496184
-1.9728221679687499, -2.7533319091796873, 10.824185705566405, 247.10687022900763, -20.541984732824428, 7.801526717557252
-1.4006079711914061, 3.4763808105468748, 2.1739351074218747, 250.12977099236642, -37.29770992366412, 41.81679389312977
-0.39264907226562495, 8.212111694335936, -5.892130285644531, 250.12977099236642, -16.99236641221374, 31.862595419847327
0.20829554443359374, 10.939107385253905, -9.157821350097656, -96.36641221374046, 2.1755725190839694, 4.259541984732825
0.6512228515624999, 11.880028637695311, -7.153874560546875, -250.13740458015266, 13.297709923664122, -17.96946564885496
-1.3575123413085937, 6.7085530517578125, 0.5985504150390625, -250.13740458015266, 21.450381679389313, -11.816793893129772
0.05746083984375, 0.8571241943359375, 7.867346655273437, -250.13740458015266, 36.49618320610687, -25.30534351145038
-2.511517541503906, -4.680664245605469, 11.010933435058593, -70.3969465648855, -1.3740458015267176, -0.5954198473282443
-1.4532804077148436, -0.5123591552734374, 9.892841259765625, 52.12213740458015, -3.6946564885496183, 6.694656488549619
-1.8339584716796873, -0.8355763793945312, 10.31661495361328, -11.450381679389313, 1.1374045801526718, -0.20610687022900764
-1.5490484741210937, -0.718260498046875, 10.149020837402343, 10.633587786259541, -3.122137404580153, -0.4961832061068702
-0.8571241943359375, 0.1580173095703125, 10.01733974609375, 2.068702290076336, -5.259541984732825, -28.396946564885496
-0.8068459594726562, -0.0047884033203125, 9.943119494628906, 12.099236641221374, -7.198473282442748, -10.885496183206106
-0.6200982299804687, -0.36152445068359373, 10.0748005859375, 13.557251908396946, 1.0, -4.656488549618321
-1.024718310546875, -1.0726023437499999, 10.58476553955078, 120.74045801526718, -8.923664122137405, 7.320610687022901
-0.6488286499023437, 0.8068459594726562, 8.84178673095703, 250.12977099236642, -23.82442748091603, 4.801526717557252
-0.3136404174804687, 8.877699755859375, -1.0223241088867188, 250.12977099236642, -35.66412213740458, 32.48091603053435
0.47644613037109373, 9.138667736816405, -7.034164477539062, 250.12977099236642, -29.946564885496183, 24.801526717557252
0.49320554199218747, 10.058041174316406, -9.315838659667968, -29.244274809160306, -17.87786259541985, 3.2595419847328246
0.9145850341796874, 10.675745202636719, -7.376535314941406, -250.13740458015266, 28.18320610687023, -14.083969465648854
-0.6775590698242188, 6.718129858398437, 2.085349645996094, -250.13740458015266, 14.290076335877863, -3.6030534351145036
0.42377369384765623, 3.3255461059570313, 7.481880187988281, -250.13740458015266, 30.282442748091604, -0.1297709923664122
-1.8938135131835936, -1.2282254516601563, 10.184933862304687, -143.2824427480916, 17.35114503816794, -15.32824427480916
-1.3431471313476562, -1.6711527587890624, 10.536881506347656, 13.82442748091603, -1.6946564885496183, 2.282442748091603
-1.1276689819335937, -0.2609679809570312, 10.187328063964843, -1.5038167938931297, 0.22137404580152673, -1.9389312977099236
-1.3623007446289062, -0.7541735229492187, 10.249577307128906, 8.793893129770993, -3.0610687022900764, -1.4045801526717556
-1.0845733520507812, -0.7254431030273437, 10.134655627441406, -2.618320610687023, -0.732824427480916, -2.786259541984733
-1.3575123413085937, -0.40222587890625, 10.328585961914062, 0.3435114503816794, -1.5954198473282444, -1.534351145038168
-1.3215993164062498, -0.29927520751953124, 10.206481677246094, 1.8473282442748091, -1.717557251908397, -0.8244274809160306
-1.3814543579101561, -0.34237083740234375, 10.158597644042969, 0.3282442748091603, -2.8396946564885495, 1.0076335877862594
-1.429338391113281, -0.9457096557617187, 10.520122094726561, 21.442748091603054, -2.0610687022900764, 0.37404580152671757
-1.62805712890625, -0.852335791015625, 9.86411083984375, 250.12977099236642, -32.412213740458014, 21.03053435114504
0.39743747558593745, 5.9017070922851556, 1.0462661254882812, 250.12977099236642, -22.106870229007633, 32.62595419847328
0.5961562133789062, 7.881711865234375, -8.137891442871092, 250.12977099236642, -21.564885496183205, 40.93893129770992
0.5865794067382812, 8.046911779785155, -8.86094034423828, 26.85496183206107, 2.480916030534351, 18.16793893129771
1.2306196533203124, 9.402029919433593, -9.129090930175781, -236.12977099236642, 0.3969465648854962, -11.427480916030534
0.09816226806640624, 8.283937744140625, -3.7325603881835936, -250.13740458015266, 29.213740458015266, -27.129770992366414
0.4836287353515625, 5.216965417480468, 5.528211633300781, -250.13740458015266, 11.732824427480915, -0.732824427480916
-0.21068974609375, 0.9074024291992187, 9.131485131835937, -250.13740458015266, 67.59541984732824, -26.412213740458014
-2.612074011230469, -4.024652990722656, 11.812990991210937, -8.641221374045802, -9.473282442748092, 2.7022900763358777
-1.0175357055664063, -0.06943184814453125, 9.847351428222655, 19.282442748091604, -4.122137404580153, 2.2748091603053435
-1.455674609375, -1.2473790649414063, 10.287884533691406, 4.923664122137405, -5.32824427480916, 7.793893129770993
-1.13006318359375, -0.6727706665039062, 10.031704956054687, 3.213740458015267, -1.7251908396946565, -0.5877862595419847
-1.5442600708007812, -0.39743747558593745, 10.235212097167969, -1.2595419847328244, -1.9312977099236641, -1.3435114503816794
-1.5753846923828123, -0.36152445068359373, 10.182539660644531, 0.10687022900763359, -2.633587786259542, -1.0534351145038168
-1.5658078857421873, -0.41419688720703124, 10.251971508789062, -1.0076335877862594, -1.4351145038167938, -1.0
-1.419761584472656, -0.35194764404296874, 10.20887587890625, 1.3053435114503817, -1.3511450381679388, -1.5801526717557253
-1.6807295654296874, -0.5985504150390625, 10.225635290527343, 7.694656488549619, -2.595419847328244, -0.9694656488549618
-1.5562310791015623, -1.6400281372070311, 10.71884083251953, 160.59541984732823, -13.625954198473282, 7.129770992366412
-1.3359645263671873, 2.0087351928710935, 6.315903979492187, 250.12977099236642, -32.770992366412216, 13.17557251908397
-1.01514150390625, 10.759542260742187, -4.247313745117188, 250.12977099236642, -53.32824427480916, 20.923664122137403
-0.1484405029296875, 9.504980590820312, -8.556876733398436, 184.00763358778627, -11.297709923664122, 21.740458015267176
-0.277727392578125, 9.153032946777342, -7.742848168945312, -173.0916030534351, -2.6793893129770994, -4.641221374045801
-0.36391865234375, 10.651803186035156, -5.80354482421875, -250.13740458015266, 47.51908396946565, -20.9618320610687
-1.005564697265625, 3.861847277832031, 5.145139367675781, -250.13740458015266, 14.526717557251908, 3.33587786259542
-1.6160861206054686, -1.5346832641601562, 9.595960253906249, -220.51908396946564, 38.51145038167939, -12.893129770992367
-1.3239935180664062, -1.8315642700195311, 10.539275708007812, 53.30534351145038, -7.305343511450381, 15.511450381679388
-1.7022773803710936, 0.3232172241210937, 10.17056865234375, -19.18320610687023, 2.2442748091603053, -5.862595419847328
-1.6112977172851561, -0.5339069702148437, 10.24000050048828, -0.16793893129770993, -2.4122137404580153, 5.900763358778626
-1.7597382202148437, -0.30885201416015623, 10.038887561035155, -2.50381679389313, -1.3358778625954197, -0.5038167938931297
-1.7166425903320313, -0.3327940307617187, 10.160991845703125, -0.8778625954198473, -0.5648854961832062, -0.11450381679389313
-1.7334020019531249, -0.373495458984375, 10.182539660644531, -0.9007633587786259, -0.48854961832061067, -0.26717557251908397
-1.93451494140625, -0.5506663818359374, 10.129867224121092, -1.633587786259542, -0.6412213740458015, 1.8244274809160306
-1.93451494140625, -0.5219359619140624, 10.065223779296874, -0.3816793893129771, -0.9312977099236641, 0.8778625954198473
-2.0566192260742184, -2.4564509033203126, 10.881646545410156, 94.0, -7.1603053435114505, 4.0
-1.905784521484375, -1.8698714965820311, 3.028665100097656, 250.12977099236642, -44.847328244274806, 30.259541984732824
-1.2569558715820313, 14.085088366699217, -9.95987890625, 250.12977099236642, -61.038167938931295, 1.6564885496183206
-0.7062894897460937, 11.379640490722656, -8.729259252929687, -111.25190839694656, -7.854961832061068, -0.09923664122137404
-0.7589619262695312, 10.625466967773438, -5.260061047363281, -250.13740458015266, 50.80152671755725, -24.671755725190838
-1.1875240234375, 2.645592834472656, 5.276820458984375, -250.13740458015266, 19.885496183206108, -1.900763358778626
-3.1459809814453124, -5.142745166015625, 10.864887133789061, -132.32824427480915, 5.793893129770993, -8.557251908396946
-1.66636435546875, 0.239420166015625, 9.368511096191405, 53.14503816793893, -6.587786259541985, 8.580152671755725
-2.3391350219726563, -1.0031704956054688, 10.426748229980468, -23.30534351145038, 0.816793893129771, 0.183206106870229
-1.9991583862304687, -0.6009446166992187, 10.007762939453125, 4.198473282442748, -1.7938931297709924, 1.0534351145038168
-2.0446482177734375, -0.7685387329101562, 10.259154113769531, 1.1374045801526718, -3.2977099236641223, 2.1526717557251906
-1.9584569580078124, -0.5219359619140624, 9.849745629882811, 1.4351145038167938, -1.015267175572519, -1.1755725190839694
-2.1356278808593747, -0.3854664672851562, 9.813832604980469, 1.2748091603053435, 1.5190839694656488, 1.2442748091603053
-2.2481553588867187, -0.74699091796875, 10.168174450683592, -3.33587786259542, 2.099236641221374, 0.8473282442748091
-2.3726538452148436, -0.6943184814453125, 10.309432348632813, -0.3969465648854962, -3.236641221374046, 0.44274809160305345
-2.2840683837890623, -0.6536170532226562, 10.141838232421874, 1.0916030534351144, -6.038167938931298, -0.648854961832061
-2.1978771240234374, -0.5770026000976562, 9.878476049804688, 2.595419847328244, -5.908396946564886, 0.5572519083969466
-2.5043349365234375, -4.266467358398438, 11.034875451660156, 250.12977099236642, -25.412213740458014, 14.65648854961832
-0.9265560424804687, 5.494692810058593, -2.1499930908203124, 250.12977099236642, -42.48854961832061, 49.282442748091604
0.05746083984375, 8.980650427246093, -7.091625317382812, 250.12977099236642, -27.106870229007633, 20.0
-0.033518823242187495, 9.696516723632811, -9.236830004882812, -76.8473282442748, -2.3435114503816794, -2.5343511450381677
0.033518823242187495, 12.090718383789062, -8.221688500976562, -250.13740458015266, 44.213740458015266, -26.206106870229007
-1.4221557861328125, 3.296815686035156, 3.220201232910156, -250.13740458015266, 24.610687022900763, -5.778625954198473
-2.2936451904296873, -2.43250888671875, 10.005368737792969, -212.8091603053435, 24.83206106870229, -8.778625954198473
-1.2330138549804688, -1.7022773803710936, 10.647014782714843, 45.80152671755725, -4.297709923664122, 18.557251908396946
-2.789244934082031, 0.679953271484375, 10.041281762695311, -11.099236641221374, -1.7328244274809161, 6.190839694656488
-2.5378537597656248, -0.5267243652343749, 10.414777221679687, 8.633587786259541, -5.412213740458015, 6.0534351145038165
-1.9752163696289062, -0.5889736083984375, 9.775525378417969, 2.8931297709923665, 3.2213740458015265, 5.213740458015267
-1.8339584716796873, -1.254561669921875, 10.192116467285155, -4.847328244274809, -1.1603053435114503, 6.473282442748092
-2.195482922363281, -1.4245499877929686, 9.991003527832031, 3.068702290076336, -3.1374045801526718, 6.297709923664122
-2.1835119140624997, -1.2928688964843749, 10.16338604736328, 12.969465648854962, -0.9923664122137404, -6.580152671755725
-1.7908628417968748, -0.5003881469726562, 9.87608184814453, 0.8015267175572519, 4.396946564885496, -5.519083969465649
-2.4205378784179685, -0.44053310546874996, 9.686939916992188, -0.44274809160305345, 4.32824427480916, 4.8320610687022905
-2.6479870361328124, -4.1946413085937495, 11.410765112304686, 123.97709923664122, 0.4198473282442748, 7.778625954198473
-2.5043349365234375, 0.02154781494140625, 5.992686755371094, 250.12977099236642, -27.221374045801525, 23.03053435114504
-1.8722656982421875, 9.70369932861328, -9.545682019042967, 250.12977099236642, -77.57251908396947, 14.450381679389313
-1.1085153686523437, 11.79144317626953, -9.490615380859374, -108.94656488549619, -3.519083969465649, 2.2213740458015265
-1.1324573852539062, 11.245565197753905, -5.219359619140625, -250.13740458015266, 23.366412213740457, -14.442748091603054
-2.185906115722656, 6.60799658203125, 2.442085693359375, -250.13740458015266, 23.47328244274809, -15.198473282442748
-1.6328455322265625, 0.4429273071289062, 8.17141026611328, -250.13740458015266, 19.396946564885496, -21.916030534351144
-1.9105729248046874, -4.88417138671875, 11.034875451660156, 5.0534351145038165, -4.297709923664122, 4.32824427480916
-2.020706201171875, 0.8283937744140625, 9.368511096191405, 67.26717557251908, -6.908396946564886, 4.183206106870229
-2.2194249389648437, -0.373495458984375, 10.134655627441406, -17.984732824427482, -5.824427480916031, 0.9541984732824428
-2.2074539306640624, -0.6177040283203125, 9.911994873046874, 0.4198473282442748, -2.1755725190839694, -1.2900763358778626
-1.9728221679687499, -0.7445967163085937, 10.24000050048828, -1.4809160305343512, -5.244274809160306, -1.1984732824427482
-2.549824768066406, -0.74699091796875, 9.911994873046874, 4.038167938931298, -2.8396946564885495, -2.7404580152671754
-2.1787235107421874, -1.0582371337890624, 10.223241088867187, 3.5572519083969465, -0.6870229007633588, 0.19083969465648856
-2.291250988769531, -2.454056701660156, 10.429142431640624, 250.12977099236642, -22.885496183206108, 12.045801526717558
-1.3551181396484375, 3.5817256835937497, -0.29448680419921874, 250.12977099236642, -35.091603053435115, 50.786259541984734
-0.01915361328125, 12.344503759765624, -10.330980163574218, 250.12977099236642, -27.9618320610687, 12.427480916030534
-0.612915625, 7.532158422851562, -6.950367419433594, -92.41221374045801, -9.129770992366412, -3.7404580152671754
-0.4429273071289062, 11.877634436035155, -6.938396411132812, -250.13740458015266, 13.511450381679388, -13.038167938931299
-1.254561669921875, 7.232883215332031, 1.4413093994140624, -250.13740458015266, 19.641221374045802, -15.076335877862595
-1.149216796875, 3.890577697753906, 7.264007836914062, -250.13740458015266, 22.106870229007633, -4.290076335877862
-2.808398547363281, -3.6200329101562496, 10.187328063964843, -210.9770992366412, 26.51145038167939, -19.732824427480917
-1.9488801513671874, -3.1555577880859373, 10.402806213378906, 74.0381679389313, -11.183206106870228, 14.992366412213741
-2.2768857788085937, -0.38786066894531246, 9.861716638183593, 4.66412213740458, -2.2061068702290076, -0.6335877862595419
-2.1619640991210938, -1.0462661254882812, 9.969455712890625, 12.854961832061068, -5.908396946564886, 4.3816793893129775
-2.2864625854492187, -0.6200982299804687, 10.17056865234375, 0.4580152671755725, -2.732824427480916, 0.9465648854961832
-2.243366955566406, -0.7254431030273437, 10.062829577636718, 0.007633587786259542, -1.4809160305343512, -3.427480916030534
-2.3582886352539063, -0.6584054565429687, 10.04846436767578, 1.3969465648854962, -1.4732824427480915, -2.49618320610687
-2.291250988769531, -0.46686932373046874, 10.160991845703125, -2.114503816793893, -2.6259541984732824, -1.618320610687023
-2.262520568847656, -1.37906015625, 10.371681591796875, 17.908396946564885, -6.862595419847328, -1.5648854961832062
-2.3151930053710936, -1.4939818359375, 10.491391674804687, 224.8320610687023, -19.35114503816794, 6.290076335877862
-1.8938135131835936, 3.318363500976562, 3.5098996337890624, 250.12977099236642, -29.49618320610687, 32.16793893129771
-0.9265560424804687, 9.842563024902343, -6.653486413574218, 250.12977099236642, -38.05343511450382, 27.198473282442748
-0.36631285400390623, 12.054805358886718, -8.635885388183594, -44.221374045801525, -7.931297709923665, 1.1297709923664123
-0.055066638183593745, 11.621454858398437, -6.227318518066406, -250.13740458015266, 31.34351145038168, -25.229007633587788
-1.7573440185546874, 4.819527941894531, 4.2497079467773435, -250.13740458015266, 22.14503816793893, -14.32824427480916
-2.0925322509765625, -3.1172505615234374, 9.406818322753905, -250.13740458015266, 39.99236641221374, -33.33587786259542
-2.281674182128906, -3.948038537597656, 10.32379755859375, 102.19083969465649, -12.770992366412214, 25.9618320610687
-2.233790148925781, 0.1388636962890625, 9.627084875488281, -22.427480916030536, 4.564885496183206, -6.702290076335878
-2.454056701660156, -1.5610194824218748, 10.326191760253906, 6.4961832061068705, -5.038167938931298, 7.213740458015267
-2.3511060302734372, -1.0462661254882812, 10.005368737792969, 1.7404580152671756, -4.183206106870229, 1.297709923664122
-2.1835119140624997, -0.833182177734375, 10.089165795898436, 8.534351145038167, -3.8091603053435112, 1.0458015267175573
-2.3678654418945313, -0.45489831542968745, 10.05564697265625, -1.6793893129770991, -0.6946564885496184, -1.4580152671755726
-2.4684219116210935, -0.40222587890625, 9.866505041503906, 1.4732824427480915, -0.015267175572519083, -1.748091603053435
-2.5354595581054684, -0.4333505004882812, 10.211270080566406, 6.809160305343512, -3.816793893129771, -2.2519083969465647
-2.3582886352539063, -0.4261678955078125, 9.911994873046874, -4.061068702290076, -2.1068702290076335, -0.7480916030534351
-2.3582886352539063, -0.34715924072265625, 9.97903251953125, 0.46564885496183206, -0.030534351145038167, 0.5648854961832062
-2.360682836914062, -2.2936451904296873, 11.252747802734374, 42.2442748091603, -2.854961832061069, 3.0381679389312977
-2.674323254394531, -0.9744400756835937, 8.846575134277343, 250.12977099236642, -26.984732824427482, 28.450381679389313
-1.0917559570312498, 3.1316157714843746, -4.759672900390624, 250.12977099236642, -36.63358778625954, 71.06870229007633
0.7661445312499999, 16.07706414794922, -11.075576879882812, 21.0, -9.206106870229007, 0.3511450381679389
-0.1867477294921875, 9.624690673828125, -6.351817004394531, -250.13740458015266, 21.396946564885496, -22.709923664122137
-1.5514426757812498, 8.487444885253906, 0.4955997436523437, -250.13740458015266, 28.541984732824428, -26.099236641221374
-0.679953271484375, 1.3862427612304686, 7.1395093505859375, -250.13740458015266, 32.412213740458014, -22.450381679389313
-2.8203695556640622, -3.469198205566406, 10.972626208496093, -59.7557251908397, -4.648854961832061, 3.854961832061069
-2.0829554443359375, 0.25139117431640623, 10.084377392578125, 61.908396946564885, 4.793893129770993, 9.648854961832061
-2.7533319091796873, 1.0630255371093749, 10.16338604736328, -4.511450381679389, -3.404580152671756, -2.2900763358778624
-2.221819140625, 0.24899697265624998, 10.426748229980468, -7.961832061068702, -3.572519083969466, -6.099236641221374
-2.422932080078125, 0.2346317626953125, 9.931148486328125, 3.2595419847328246, -3.1374045801526718, 0.8931297709923665
-2.3630770385742186, 0.2657563842773437, 10.005368737792969, -2.3282442748091605, -1.4351145038167938, -0.4961832061068702
-2.3870190551757813, 0.43574470214843747, 9.868899243164062, -0.16793893129770993, -1.1526717557251909, 0.13740458015267176
-2.3415292236328122, -2.090138049316406, 11.14022032470703, 93.90839694656489, -6.6106870229007635, 6.251908396946565
-2.442085693359375, 0.689530078125, 8.149862451171874, 250.12977099236642, -22.419847328244273, 18.82442748091603
-1.2904746948242187, 8.034940771484374, -2.1619640991210938, 250.12977099236642, -43.717557251908396, 38.908396946564885
0.20350714111328125, 12.682086193847656, -10.682927807617187, 250.12977099236642, -18.916030534351144, 21.450381679389313
-0.6248866333007812, 9.282319836425781, -7.510610607910156, -250.13740458015266, 3.648854961832061, -15.213740458015268
-1.3934253662109375, 8.688557824707031, -0.9265560424804687, -250.13740458015266, 28.85496183206107, -17.16793893129771
-1.0271125122070313, 0.3447650390625, 7.091625317382812, -250.13740458015266, 41.595419847328245, -35.396946564885496
-2.901772412109375, -5.633556506347656, 11.154585534667968, -48.038167938931295, -5.419847328244275, 11.778625954198473
-2.31758720703125, -0.07900865478515624, 9.641450085449218, 77.22900763358778, -0.5572519083969466, -0.10687022900763359
-2.6575638427734374, 0.2825157958984375, 10.216058483886718, -12.129770992366412, 0.3511450381679389, 0.816793893129771
-2.461239306640625, -0.40462008056640625, 10.184933862304687, 7.755725190839694, -4.702290076335878, 1.8396946564885497
-2.300827795410156, -0.26815058593749996, 10.034099157714843, -2.5267175572519083, -4.938931297709924, -0.030534351145038167
-2.2744915771484373, -0.29927520751953124, 10.077194787597655, 8.908396946564885, -4.541984732824427, -1.6106870229007633
-2.645592834472656, -0.1292868896484375, 9.655815295410155, -7.229007633587786, -1.0381679389312977, -3.213740458015267
-2.6048914062499997, -0.08379705810546874, 9.85692823486328, 3.7938931297709924, -2.786259541984733, 3.2061068702290076
-2.308010400390625, -0.17956512451171874, 9.95987890625, -4.175572519083969, -0.7557251908396947, -1.7251908396946565
-2.798821740722656, -0.4213794921875, 10.218452685546874, 9.641221374045802, -3.2290076335877864, 0.6259541984732825
-2.7533319091796873, -2.6096798095703124, 10.603919152832031, 250.12977099236642, -22.31297709923664, 21.03053435114504
-1.199495031738281, 6.275202551269531, -2.1164742675781247, 250.12977099236642, -39.41984732824427, 46.74809160305343
0.26815058593749996, 11.439495532226562, -9.07163009033203, 250.12977099236642, -14.938931297709924, 30.435114503816795
-0.19393033447265623, 9.591171850585937, -7.0652890991210935, -250.13740458015266, 5.190839694656488, -13.610687022900763
-1.4724340209960938, 8.640673791503906, -1.9752163696289062, -250.13740458015266, 24.374045801526716, -18.15267175572519
-1.2114660400390624, 2.7724855224609373, 6.8569935546875, -250.13740458015266, 21.984732824427482, -15.442748091603054
-2.9664158569335934, -3.2609026611328122, 9.574412438964844, -249.74809160305344, 21.801526717557252, -20.52671755725191
-2.080561242675781, -3.0621839233398433, 9.540893615722656, 94.00763358778626, -7.709923664122138, 18.34351145038168
-2.3367408203125, -1.4891934326171874, 9.7683427734375, -21.442748091603054, 4.122137404580153, -6.717557251908397
-2.5641899780273434, -1.8315642700195311, 10.04846436767578, 22.0, -4.549618320610687, 0.061068702290076333
-2.3415292236328122, -1.3814543579101561, 9.923965881347655, 7.778625954198473, -4.679389312977099, -0.7633587786259542
-2.389413256835937, -0.8188169677734375, 9.737218151855469, 9.65648854961832, -2.9770992366412212, -0.09923664122137404
-2.3870190551757813, -0.6943184814453125, 9.622296472167967, -3.1297709923664123, 0.4122137404580153, 5.396946564885496
-2.375048046875, -1.0558429321289062, 10.096348400878906, -3.6717557251908395, 0.5572519083969466, 6.1603053435114505
-2.530671154785156, -1.1276689819335937, 10.072406384277343, -3.1297709923664123, -4.786259541984733, 9.389312977099237
-2.243366955566406, -1.4987702392578124, 10.165780249023436, 5.297709923664122, -7.923664122137405, 10.183206106870228
-2.1811177124023438, -2.798821740722656, 11.298237634277344, 123.30534351145039, -13.961832061068701, 7.702290076335878
-1.8339584716796873, 0.7637503295898437, 6.643909606933593, 250.12977099236642, -29.946564885496183, 31.458015267175572
-1.1133037719726562, 9.938331091308592, -2.8898014038085935, 250.12977099236642, -30.740458015267176, 15.229007633587786
0.031124621582031248, 9.952696301269532, -8.774749084472656, 250.12977099236642, -10.992366412213741, 26.580152671755727
0.06464344482421874, 10.110713610839843, -8.769960681152343, -213.54961832061068, 0.9541984732824428, -3.7480916030534353
-0.9193734375, 9.028534460449219, -3.277662072753906, -250.13740458015266, 23.984732824427482, -13.358778625954198
-1.2593500732421874, 6.296750366210937, 4.814739538574218, -250.13740458015266, 11.229007633587786, -9.0
0.009576806640625, 0.22505495605468748, 7.359775903320312, -250.13740458015266, 43.98473282442748, -30.068702290076335
-2.825157958984375, -5.743689782714843, 11.52329259033203, 45.404580152671755, -14.83969465648855, -0.8396946564885496
-1.3551181396484375, 0.6200982299804687, 9.085995300292968, 22.68702290076336, -7.893129770992366, 4.030534351145038
-1.9632453613281249, -1.5179238525390624, 10.089165795898436, -3.954198473282443, -3.2290076335877864, 3.885496183206107
-1.5801730957031248, -0.6943184814453125, 10.096348400878906, 9.435114503816793, 0.05343511450381679, -5.221374045801527
-1.8650830932617186, -0.7493851196289062, 9.993397729492187, -6.351145038167939, 3.122137404580153, 6.717557251908397
-1.8626888916015625, -0.16041151123046873, 9.576806640625, -2.854961832061069, 1.2366412213740459, 8.969465648854962
-2.530671154785156, -0.4333505004882812, 10.137049829101562, -6.7251908396946565, 6.755725190839694, 7.473282442748092
-2.454056701660156, -0.8259995727539062, 10.218452685546874, 1.7251908396946565, 2.519083969465649, 9.0
-2.7724855224609373, -2.1835119140624997, 11.116278308105468, 147.90076335877862, -11.259541984732824, 13.389312977099237
-2.446874096679687, 1.1731588134765625, 6.160280871582031, 250.12977099236642, -25.106870229007633, 35.847328244274806
-1.1228805786132812, 9.574412438964844, -4.285620971679688, 250.12977099236642, -39.88549618320611, 16.259541984732824
-0.0526724365234375, 10.417171423339843, -9.2320416015625, 212.36641221374046, -11.816793893129772, 13.083969465648854
-0.15083470458984374, 8.889670764160156, -8.228871105957031, -177.14503816793894, 0.9312977099236641, -15.885496183206106
-0.8810662109374999, 9.792284790039062, -4.6255976074218745, -250.13740458015266, 46.778625954198475, -14.427480916030534
-1.3168109130859373, 5.078101721191406, 5.011064074707031, -250.13740458015266, 13.34351145038168, -5.847328244274809
-1.927332336425781, -1.149216796875, 9.651026892089844, -248.93129770992365, 33.87786259541985, -32.47328244274809
-1.7669208251953124, -2.3726538452148436, 10.790666882324219, 12.251908396946565, -10.17557251908397, 18.9618320610687
-1.8914193115234375, -0.41898529052734373, 9.713276135253906, 16.404580152671755, -4.435114503816794, 2.618320610687023
-2.195482922363281, -0.699106884765625, 9.964667309570311, 3.3282442748091605, -1.282442748091603, 1.2290076335877862
-2.04943662109375, -0.3016694091796875, 9.586383447265625, -2.2290076335877864, 1.717557251908397, 1.7786259541984732
-2.5905261962890624, -0.033518823242187495, 9.842563024902343, -2.66412213740458, -1.9389312977099236, 0.5267175572519084
-2.6431986328124997, -0.0383072265625, 9.97184991455078, 2.7557251908396947, -0.13740458015267176, -1.7404580152671756
-2.7365724975585937, -0.023942016601562498, 10.254365710449218, 0.3893129770992366, -1.786259541984733, 0.5343511450381679
-2.6048914062499997, -0.9816226806640624, 10.39322940673828, 37.97709923664122, -4.442748091603053, 2.099236641221374
-2.6312276245117188, 0.01915361328125, 9.02135185546875, 250.12977099236642, -19.061068702290076, 18.610687022900763
-1.7477672119140624, 6.433219860839843, 1.7788918334960937, 250.12977099236642, -28.00763358778626, 45.88549618320611
-1.3144167114257812, 7.939172705078125, -7.697358337402343, 250.12977099236642, -33.43511450381679, 36.45038167938932
-0.16280571289062498, 11.238382592773437, -9.363722692871093, -238.6259541984733, 6.312977099236641, -5.099236641221374
-1.235408056640625, 9.483432775878907, -4.254496350097656, -250.13740458015266, 55.9236641221374, -30.229007633587788
-1.5849614990234373, 2.9927520751953125, 5.0182466796875, -250.13740458015266, 18.786259541984734, -33.091603053435115
-3.5793314819335937, -6.567295153808593, 10.637437976074217, -180.5801526717557, 9.511450381679388, -23.755725190839694
-2.3439234252929686, -0.612915625, 9.373299499511718, 100.81679389312977, -9.938931297709924, 11.786259541984732
-2.8730419921875, -0.4644751220703125, 9.866505041503906, -31.396946564885496, 3.7480916030534353, -4.106870229007634
-2.5043349365234375, -1.0319009155273438, 9.871293444824218, 17.85496183206107, -3.5801526717557253, 2.5114503816793894
-2.7269956909179687, -0.9097966308593749, 9.90241806640625, -1.5572519083969465, -3.068702290076336, 0.05343511450381679
-2.6982652709960937, -0.7589619262695312, 9.926360083007811, 13.580152671755725, -3.7099236641221376, -0.12213740458015267
-2.8514941772460936, 0.0143652099609375, 9.70369932861328, -1.5267175572519085, -0.3511450381679389, 0.3969465648854962
-2.932897033691406, -0.02633621826171875, 9.847351428222655, 3.2290076335877864, -0.8396946564885496, 0.20610687022900764
-3.0119056884765625, -0.086191259765625, 9.813832604980469, -1.618320610687023, -1.0687022900763359, 0.33587786259541985
-2.942473840332031, -1.6352397338867186, 10.824185705566405, 51.3206106870229, -2.9770992366412212, 4.213740458015267
-3.1220389648437497, -0.09576806640624999, 8.190563879394531, 250.12977099236642, -21.358778625954198, 27.72519083969466
-1.7357962036132812, 8.690952026367187, -2.5426421630859375, 250.12977099236642, -40.396946564885496, 19.870229007633586
-0.86191259765625, 10.24718310546875, -9.97184991455078, 250.12977099236642, -20.549618320610687, 26.954198473282442
-0.852335791015625, 10.177751257324218, -8.489839086914062, -250.13740458015266, 11.816793893129772, -18.3206106870229
-1.9512743530273435, 7.5537062377929685, -1.3239935180664062, -250.13740458015266, 30.34351145038168, -31.85496183206107
-1.678335363769531, 1.2880804931640624, 5.805939025878906, -250.13740458015266, 49.0763358778626, -65.50381679389314
-4.414907861328125, -5.6215854980468745, 12.021286535644531, 0.42748091603053434, -5.748091603053435, 23.389312977099237
-3.2609026611328122, 1.5586252807617187, 9.227253198242186, 20.30534351145038, -1.015267175572519, -7.816793893129771
-4.173093493652344, -1.1540052001953125, 9.866505041503906, -6.282442748091603, -12.603053435114504, 9.557251908396946
-3.555389465332031, -0.28969840087890625, 9.502586389160156, -6.908396946564886, -8.244274809160306, -0.19083969465648856
-3.507505432128906, -0.9097966308593749, 9.986215124511718, 1.0916030534351144, -4.519083969465649, -9.694656488549619
-3.028665100097656, -0.28969840087890625, 10.062829577636718, -8.16793893129771, -8.83206106870229, -9.183206106870228
-1.6831237670898436, -0.040701428222656245, 10.062829577636718, -0.7099236641221374, -0.9312977099236641, 13.877862595419847
-0.8164227661132812, -0.4644751220703125, 10.912771166992187, -5.748091603053435, -1.4809160305343512, 0.6793893129770993
-1.0031704956054688, 0.06943184814453125, 10.237606298828124, -2.49618320610687, -4.66412213740458, 1.8091603053435115
-1.189918225097656, -1.120486376953125, 11.168950744628905, 27.778625954198475, -6.427480916030534, 3.519083969465649
-1.0630255371093749, 0.3854664672851562, 9.406818322753905, 250.12977099236642, -21.12213740458015, 12.206106870229007
-0.7326257080078125, 6.303932971191406, 1.9800047729492187, 250.12977099236642, -33.900763358778626, 34.48091603053435
0.2346317626953125, 10.536881506347656, -6.026205578613281, 250.12977099236642, -36.50381679389313, 16.0
0.6464344482421874, 11.918335864257811, -8.039729174804688, -89.45801526717557, -10.526717557251908, -7.030534351145038
0.17477672119140625, 10.319009155273436, -3.921702319335937, -250.13740458015266, 29.908396946564885, -17.862595419847327
-0.36631285400390623, 5.556942053222656, 4.520252734375, -250.13740458015266, 3.5572519083969465, -3.50381679389313
-0.603338818359375, 0.7493851196289062, 9.251195214843749, -250.13740458015266, 46.030534351145036, -14.251908396946565
-1.637633935546875, -3.746925598144531, 11.336544860839844, -36.030534351145036, -4.312977099236641, 8.84732824427481
-1.0845733520507812, -0.411802685546875, 10.046070166015625, 21.38167938931298, -0.7938931297709924, -3.885496183206107
-1.197100830078125, -1.1061211669921875, 10.220846887207031, 2.786259541984733, -1.0610687022900764, 1.3282442748091603
-1.3215993164062498, -0.51714755859375, 10.414777221679687, -4.2748091603053435, 3.2061068702290076, -4.709923664122138
-1.177947216796875, -0.6631938598632812, 10.398017810058594, -4.854961832061068, -0.4580152671755725, 1.0458015267175573
-1.2593500732421874, -0.23702596435546874, 10.304643945312499, -3.6030534351145036, -2.2061068702290076, 0.10687022900763359
-1.3144167114257812, -0.296881005859375, 10.192116467285155, -0.7022900763358778, -0.20610687022900764, 1.2595419847328244
-1.4700398193359374, -0.32561142578124996, 10.220846887207031, 2.2061068702290076, -0.6335877862595419, 1.0763358778625953
-1.4867992309570313, -1.6112977172851561, 11.015721838378905, 37.93129770992366, -0.5877862595419847, 2.786259541984733
-1.5442600708007812, -1.3383587280273437, 9.900023864746093, 250.12977099236642, -25.267175572519083, 8.488549618320612
-0.35194764404296874, 7.041347082519531, -1.1133037719726562, 250.12977099236642, -33.83969465648855, 49.49618320610687
0.0526724365234375, 7.963114721679687, -7.589619262695312, 250.12977099236642, -32.282442748091604, 40.17557251908397
1.0103531005859374, 10.934318981933593, -10.541669909667968, -250.13740458015266, 0.6717557251908397, -8.572519083969466
-0.5626373901367188, 8.901641772460938, -3.7612908081054686, -250.13740458015266, 30.702290076335878, -19.81679389312977
-0.5315127685546874, 4.357447021484375, 4.6830584472656245, -250.13740458015266, 4.580152671755725, 5.793893129770993
-2.499546533203125, -5.166687182617188, 10.275913525390624, -215.40458015267177, 30.31297709923664, -31.076335877862597
-0.8188169677734375, -1.66636435546875, 9.861716638183593, 58.54961832061068, -9.954198473282442, 20.65648854961832
-1.6472107421875, -1.3000515014648437, 10.182539660644531, -35.274809160305345, 4.442748091603053, -0.3511450381679389
-1.4173673828125, -1.3455413330078123, 10.007762939453125, 14.374045801526718, -5.251908396946565, -0.05343511450381679
-1.4341267944335936, -1.47482822265625, 10.151415039062499, -2.6106870229007635, -2.122137404580153, 1.8931297709923665
-1.2880804931640624, -1.2521674682617188, 10.05564697265625, 8.969465648854962, -3.984732824427481, 1.8091603053435115
-1.7477672119140624, -1.3646949462890625, 10.24718310546875, 0.25190839694656486, -2.5572519083969465, 1.900763358778626
-1.8435352783203125, -0.7757213378906249, 10.058041174316406, -3.5572519083969465, -0.48854961832061067, -0.2824427480916031
-1.8028338500976562, -1.2880804931640624, 10.08677159423828, 0.48854961832061067, 0.0, -0.33587786259541985
-1.924938134765625, -1.8818425048828125, 10.666168395996094, 37.01526717557252, -3.16793893129771, 1.5648854961832062
-1.9608511596679685, -1.3646949462890625, 10.345345373535155, 228.51908396946564, -14.106870229007633, 16.82442748091603
-1.3455413330078123, 3.3303345092773435, 4.039018200683594, 250.12977099236642, -25.33587786259542, 37.93893129770992
-0.41419688720703124, 10.663774194335938, -2.4851813232421875, 250.12977099236642, -34.88549618320611, 10.916030534351146
-0.06464344482421874, 10.007762939453125, -6.5385647338867185, 191.01526717557252, -17.954198473282442, 22.206106870229007
0.30406361083984373, 10.407594616699217, -7.6997525390625, -92.73282442748092, -3.572519083969466, -0.9923664122137404
0.37828386230468747, 10.939107385253905, -5.449202978515625, -250.13740458015266, 53.229007633587784, -21.977099236641223
-1.216254443359375, 3.897760302734375, 4.235342736816406, -250.13740458015266, 8.557251908396946, -7.137404580152672
-0.5243301635742187, -0.7733271362304687, 8.678981018066406, -250.13740458015266, 61.97709923664122, -24.419847328244273
-2.252943762207031, -4.632780212402343, 11.109095703125, 59.93129770992366, -17.17557251908397, 12.206106870229007
-1.1875240234375, -0.26815058593749996, 9.797073193359374, -13.335877862595419, 2.1755725190839694, -8.51908396946565
-1.8076222534179687, -1.6639701538085936, 10.137049829101562, 23.221374045801525, -5.961832061068702, 7.374045801526718
-1.5753846923828123, -1.0893617553710937, 10.244788903808594, -5.648854961832061, 0.6641221374045801, -0.3969465648854962
-1.4221557861328125, -0.8858546142578124, 10.096348400878906, 0.183206106870229, 2.0839694656488548, -11.274809160305344
-1.6065093139648436, -0.9792284790039062, 10.129867224121092, 1.083969465648855, 1.282442748091603, -8.572519083969466
-1.9871873779296874, -0.7852981445312499, 10.211270080566406, 3.877862595419847, -0.015267175572519083, -5.305343511450381
-1.6256629272460936, -1.180341418457031, 10.496180078124999, 5.305343511450381, -2.9389312977099236, -1.5038167938931297
-1.5729904907226562, -2.001552587890625, 10.716446630859375, 98.53435114503817, -8.17557251908397, 6.305343511450381
-1.5346832641601562, 0.5434837768554687, 8.346186987304687, 250.12977099236642, -21.595419847328245, 19.862595419847327
-1.01514150390625, 7.838616235351562, 0.8690952026367187, 250.12977099236642, -46.267175572519086, 36.16793893129771
-0.9935936889648437, 9.631873278808593, -6.308721374511719, 250.12977099236642, -39.587786259541986, 21.625954198473284
-0.24660277099609373, 11.022904443359375, -8.166621862792969, -97.45038167938931, -5.412213740458015, -8.32824427480916
-0.5099649536132812, 11.01332763671875, -5.413289953613281, -250.13740458015266, 55.13740458015267, -19.17557251908397
-1.649604943847656, 5.216965417480468, 3.7995980346679685, -250.13740458015266, 26.595419847328245, 30.893129770992367
-2.6623522460937497, -3.478775012207031, 8.559270935058594, -250.13740458015266, 51.80152671755725, -52.229007633587784
-1.5562310791015623, -4.723759875488281, 9.854534033203125, 92.20610687022901, -27.16793893129771, 51.908396946564885
-1.9871873779296874, -2.0566192260742184, 9.943119494628906, -25.709923664122137, 6.923664122137405, -5.900763358778626
-2.0733786376953125, -1.8602946899414061, 9.888052856445311, 16.114503816793892, -7.6183206106870225, 10.16793893129771
-1.927332336425781, -1.6543933471679686, 9.689334118652344, -0.8091603053435115, -2.198473282442748, 9.511450381679388
-1.637633935546875, -1.0390835205078124, 10.220846887207031, -4.083969465648855, -3.3893129770992365, 0.9923664122137404
-1.2473790649414063, -1.254561669921875, 10.060435375976562, 5.580152671755725, -2.7480916030534353, 1.8778625954198473
-1.6304513305664061, -1.2904746948242187, 9.974244116210937, 1.3282442748091603, 0.061068702290076333, 3.595419847328244
-1.8076222534179687, -1.8315642700195311, 10.424354028320312, 20.83206106870229, 0.5954198473282443, 1.5190839694656488
-2.1739351074218747, -1.120486376953125, 10.216058483886718, 223.45801526717557, -16.251908396946565, 12.50381679389313
-1.458068811035156, 3.438073583984375, 5.307945080566406, 250.12977099236642, -44.82442748091603, 57.091603053435115
0.7302315063476562, 9.926360083007811, -4.955997436523437, 250.12977099236642, -44.06106870229008, 19.18320610687023
1.2904746948242187, 10.51533369140625, -8.520963708496094, 90.22900763358778, -8.145038167938932, 22.061068702290076
0.9864110839843749, 9.897629663085937, -7.659051110839843, -250.13740458015266, 59.221374045801525, -4.404580152671755
-0.5027823486328125, 8.259995727539062, 0.12210428466796874, -250.13740458015266, 7.793893129770993, 42.099236641221374
2.288856787109375, 3.2704794677734372, 5.61200869140625, -250.13740458015266, 72.1526717557252, 46.778625954198475
-2.39420166015625, -6.921636999511718, 11.113884106445312, -110.9618320610687, 10.404580152671755, -10.664122137404581
1.707065783691406, 0.2346317626953125, 10.297461340332031, 44.099236641221374, -17.954198473282442, 51.916030534351144
0.7398083129882812, -1.4987702392578124, 10.63025537109375, 4.9541984732824424, -1.213740458015267, -13.030534351145038
1.6903063720703124, -0.19871873779296872, 9.82580361328125, 13.717557251908397, 1.1374045801526718, -1.7709923664122138
0.488417138671875, -0.08379705810546874, 10.685322009277343, 7.740458015267175, 10.793893129770993, -7.4961832061068705
0.3184288208007812, 0.9121908325195311, 10.225635290527343, -0.15267175572519084, -1.2213740458015268, -0.7480916030534351
0.3591302490234375, 1.2138602416992186, 10.194510668945313, -1.5725190839694656, -0.1297709923664122, 2.4122137404580153
0.19153613281249998, 1.0486603271484374, 10.522516296386717, 2.5801526717557253, -1.0687022900763359, 1.6412213740458015
0.21787235107421873, -0.11731588134765625, 10.752359655761719, 44.12977099236641, -7.801526717557252, 0.9923664122137404
0.2753331909179687, 0.6488286499023437, 9.967061511230469, 244.6030534351145, -21.68702290076336, 21.6793893129771
1.1420341918945311, 4.57771357421875, 1.8555062866210936, 250.12977099236642, -65.62595419847328, 37.6412213740458
0.70868369140625, 10.907982763671875, -5.877765075683594, 250.12977099236642, -33.87786259541985, 10.458015267175572
2.0829554443359375, 8.856151940917968, -7.843404638671874, 40.13740458015267, -9.778625954198473, 0.3282442748091603
2.090138049316406, 10.053252770996092, -7.055712292480468, -250.13740458015266, 33.38167938931298, -8.48091603053435
0.46208092041015625, 9.085995300292968, -1.924938134765625, -250.13740458015266, -13.664122137404581, 54.85496183206107
3.1651345947265623, -3.660734338378906, 7.4962453979492185, -250.13740458015266, 143.0916030534351, -29.52671755725191
2.308010400390625, -1.5370774658203123, 9.70369932861328, 193.78625954198472, -13.267175572519085, 100.70992366412214
2.511517541503906, 2.8012159423828122, 9.710881933593749, -55.603053435114504, 14.297709923664122, -54.19083969465649
-0.13646949462890623, -0.4285620971679687, 10.869675537109375, -5.763358778625954, 1.534351145038168, 28.083969465648856
1.3670891479492187, 1.2617442749023438, 10.199299072265624, -13.106870229007633, 6.022900763358779, -9.007633587786259
0.63206923828125, 0.28730419921875, 10.66856259765625, -0.5343511450381679, 0.37404580152671757, 5.190839694656488
0.51714755859375, 0.6943184814453125, 10.192116467285155, -1.1450381679389312, -2.8091603053435112, -0.24427480916030533
0.43574470214843747, 0.6919242797851562, 10.151415039062499, -0.1984732824427481, -2.6412213740458017, -0.5419847328244275
0.40462008056640625, 0.6727706665039062, 10.426748229980468, 0.8396946564885496, -2.885496183206107, -1.5572519083969465
0.5363011718749999, 0.45489831542968745, 10.374075793457031, 7.755725190839694, -3.50381679389313, -2.2290076335877864
0.4070142822265625, 0.3184288208007812, 10.785878479003905, 88.83206106870229, -14.793893129770993, -6.251908396946565
0.7398083129882812, 1.5514426757812498, 10.235212097167969, 193.84732824427482, -27.15267175572519, 1.0458015267175573
1.6232687255859375, 3.890577697753906, 4.594472985839843, 250.12977099236642, -35.603053435114504, 18.061068702290076
0.612915625, 9.749189160156249, -5.681440539550781, 250.12977099236642, -30.16793893129771, -6.320610687022901
2.499546533203125, 10.36210478515625, -10.177751257324218, 116.57251908396947, -27.290076335877863, -0.2900763358778626
2.2649147705078123, 9.828197814941406, -9.026140258789061, -250.13740458015266, 32.900763358778626, -22.282442748091604
0.8044517578125, 7.845798840332031, -1.2880804931640624, -250.13740458015266, -3.984732824427481, 41.29007633587786
2.607285607910156, 0.1867477294921875, 6.004657763671875, -250.13740458015266, 103.3969465648855, 0.19083969465648856
-0.2609679809570312, -4.572925170898437, 11.195286962890624, 119.56488549618321, -9.763358778625955, 61.43511450381679
1.3335703247070312, 2.925714428710937, 9.8449572265625, -19.389312977099237, -2.877862595419847, -24.045801526717558
-0.39743747558593745, -0.316034619140625, 10.788272680664061, -4.969465648854962, -0.9083969465648855, 13.946564885496183
0.6727706665039062, 1.0462661254882812, 10.151415039062499, -4.083969465648855, -2.5572519083969465, -15.534351145038167
0.11013327636718749, 0.062249243164062495, 10.412383020019531, 5.32824427480916, -3.595419847328244, -1.4045801526717556
0.181959326171875, 0.6536170532226562, 10.134655627441406, 1.9389312977099236, -1.3511450381679388, -2.114503816793893
0.1388636962890625, -0.17238251953125, 10.47702646484375, -4.4961832061068705, -0.3435114503816794, 5.816793893129771
0.23223756103515625, -0.5793968017578125, 10.517727893066406, 19.244274809160306, -4.068702290076335, -8.572519083969466
0.0718260498046875, -1.0462661254882812, 11.109095703125, 223.1679389312977, -7.458015267175573, -2.1297709923664123
0.3232172241210937, 4.874594580078124, 4.115632653808594, 250.12977099236642, -50.42748091603053, 28.885496183206108
-0.8667010009765624, 10.742782849121093, -5.2456958374023435, 250.12977099236642, -16.374045801526716, 17.076335877862597
1.1707646118164061, 11.413159313964844, -8.353369592285155, -42.20610687022901, -5.763358778625954, 0.7938931297709924
0.8810662109374999, 10.321403356933594, -4.369418029785156, -250.13740458015266, 20.0, 0.2824427480916031
0.8571241943359375, 7.41244833984375, 2.4947581298828125, -250.13740458015266, -4.8320610687022905, 40.48854961832061
1.6639701538085936, -0.44532150878906246, 7.6087728759765625, -250.13740458015266, 69.78625954198473, -12.106870229007633
0.055066638183593745, -2.8730419921875, 10.912771166992187, 99.90076335877863, -10.442748091603054, 38.847328244274806
0.7326257080078125, 0.9983820922851562, 10.347739575195313, -40.091603053435115, 8.450381679389313, -19.31297709923664
0.19393033447265623, 0.05746083984375, 10.357316381835936, 15.17557251908397, -6.908396946564886, 10.473282442748092
-0.1292868896484375, 0.016759411621093748, 10.352527978515624, -1.6106870229007633, -2.366412213740458, -3.8396946564885495
0.02633621826171875, 0.45010991210937495, 10.330980163574218, -2.9770992366412212, -2.2900763358778624, -3.6106870229007635
0.1580173095703125, 0.5410895751953124, 10.302249743652343, -0.4732824427480916, -2.5343511450381677, 0.5343511450381679
0.06464344482421874, 0.5746083984375, 10.484209069824217, 2.450381679389313, -3.0229007633587788, -0.6183206106870229
-0.033518823242187495, 0.488417138671875, 10.479420666503906, 0.7862595419847328, -2.2213740458015265, -3.854961832061069
0.06703764648437499, 0.4955997436523437, 10.484209069824217, 2.7251908396946565, -2.5114503816793894, -0.732824427480916
-0.03591302490234375, 0.06703764648437499, 10.568006127929687, 47.79389312977099, -7.137404580152672, -0.3893129770992366
0.06703764648437499, -0.3399766357421875, 10.637437976074217, 217.76335877862596, -2.8091603053435112, 7.938931297709924
0.6368576416015624, 4.120421057128906, 4.972756848144531, 250.12977099236642, -24.061068702290076, 28.770992366412212
-0.36152445068359373, 11.020510241699219, -4.1563340820312495, 250.12977099236642, -24.52671755725191, -0.2366412213740458
0.9026140258789062, 10.539275708007812, -6.5218053222656245, 82.69465648854961, -17.106870229007633, 1.1526717557251909
1.2138602416992186, 10.493785876464843, -6.009446166992187, -134.06870229007635, 12.816793893129772, -6.4961832061068705
0.18435352783203124, 10.647014782714843, -2.990357873535156, -250.13740458015266, 14.648854961832061, 2.50381679389313
1.6208745239257811, 5.521029028320312, 4.141968872070312, -250.13740458015266, 25.81679389312977, 35.954198473282446
-0.3495534423828125, -4.402936853027343, 10.754753857421875, -249.1145038167939, 65.30534351145039, -53.030534351145036
-0.21787235107421873, 0.8379705810546875, 10.160991845703125, 105.27480916030534, -21.48854961832061, 42.99236641221374
-0.27293898925781246, -0.20350714111328125, 10.651803186035156, -35.908396946564885, 13.412213740458014, -20.0
-0.16998831787109375, 0.6679822631835937, 10.237606298828124, -5.320610687022901, -0.5190839694656488, 0.11450381679389313
-0.3711012573242187, 0.28730419921875, 10.333374365234375, 0.7175572519083969, -1.3435114503816794, -0.4198473282442748
-0.3591302490234375, 0.3184288208007812, 10.369287390136718, 3.1526717557251906, -2.5877862595419847, -1.1450381679389312
-0.43574470214843747, 0.36152445068359373, 10.302249743652343, 0.6183206106870229, -1.5954198473282444, -0.6335877862595419
-0.24181436767578124, 0.09576806640624999, 10.319009155273436, 2.9160305343511452, -0.45038167938931295, -0.8625954198473282
-0.3758896606445312, -0.679953271484375, 10.716446630859375, 76.66412213740458, -6.465648854961832, 0.648854961832061
0.1388636962890625, 1.2210428466796874, 10.608707556152343, 126.83969465648855, -1.786259541984733, 3.648854961832061
-0.373495458984375, 3.399766357421875, 7.352593298339843, 250.12977099236642, -24.52671755725191, 15.083969465648854
0.7924807495117187, 9.188945971679686, -0.15083470458984374, 250.12977099236642, -9.961832061068701, -13.748091603053435
1.0199299072265624, 11.006145031738281, -4.7572786987304685, 150.70992366412213, -22.053435114503817, -4.038167938931298
0.9097966308593749, 10.977414611816405, -5.0014872680664055, -82.51908396946565, 2.854961832061069, -6.198473282442748
-0.009576806640625, 10.8409451171875, -2.068590234375, -250.13740458015266, 16.923664122137403, 5.015267175572519
0.7541735229492187, 6.7037646484375, 3.469198205566406, -250.13740458015266, 18.14503816793893, 40.06870229007634
-2.0374656127929685, -6.6893994384765625, 11.781866369628906, -211.50381679389312, 24.114503816793892, -23.977099236641223
0.36391865234375, 0.8810662109374999, 9.406818322753905, 42.51145038167939, 1.6488549618320612, 45.267175572519086
-1.4987702392578124, -1.7477672119140624, 10.93671318359375, -18.717557251908396, 4.083969465648855, 5.488549618320611
-0.239420166015625, -0.3591302490234375, 10.146626635742187, -9.923664122137405, -4.687022900763359, -7.854961832061068
-0.6871358764648438, -0.45489831542968745, 10.39322940673828, 0.4961832061068702, -0.10687022900763359, 3.213740458015267
-1.024718310546875, -0.2753331909179687, 10.165780249023436, -0.44274809160305345, -4.320610687022901, 5.236641221374046
-1.0558429321289062, -0.2059013427734375, 10.55364091796875, 2.6259541984732824, -3.4732824427480917, 5.916030534351145
-0.737414111328125, -0.1867477294921875, 10.35492218017578, 7.641221374045801, -7.740458015267175, 3.519083969465649
-0.5817910034179687, -1.0079588989257813, 10.819397302246093, 71.90839694656489, -2.122137404580153, 9.007633587786259
-0.9217676391601562, 1.6639701538085936, 9.952696301269532, 233.35114503816794, -12.427480916030534, 12.572519083969466
-0.40462008056640625, 5.377376928710937, 4.429273071289062, 250.12977099236642, -28.18320610687023, 38.23664122137404
-0.7230489013671875, 10.225635290527343, -5.722141967773437, 250.12977099236642, -34.038167938931295, 24.46564885496183
1.0510545288085937, 11.6070896484375, -7.484274389648437, -28.198473282442748, -1.6259541984732824, -0.8015267175572519
0.5410895751953124, 10.407594616699217, -4.132392065429687, -225.82442748091603, 23.244274809160306, -7.702290076335878
-0.44532150878906246, 8.93755479736328, 0.5578489868164063, -250.13740458015266, 3.732824427480916, 11.213740458015268
1.6328455322265625, 4.450820886230469, 5.284003063964843, -250.13740458015266, 49.42748091603053, 29.12213740458015
-2.683900061035156, -6.995857250976562, 11.654973681640625, -81.63358778625954, 8.122137404580153, -12.435114503816793
0.2920926025390625, 1.4796166259765624, 9.674968908691406, 6.282442748091603, -1.9618320610687023, 10.13740458015267
-1.0773907470703123, -0.181959326171875, 10.472238061523436, 19.770992366412212, -0.4122137404580153, 11.648854961832061
-0.4477157104492187, -0.6440402465820312, 10.548852514648438, -4.229007633587786, -0.21374045801526717, -11.534351145038167
-0.5913678100585937, 0.8116343627929687, 10.187328063964843, -1.0534351145038168, -3.6412213740458017, 7.32824427480916
-0.7829039428710937, 0.699106884765625, 10.256759912109374, 1.1297709923664123, -1.0229007633587786, 4.931297709923665
-0.5722141967773438, 0.5578489868164063, 10.273519323730468, 1.3969465648854962, 1.2366412213740459, 2.4885496183206106
-0.6081272216796875, -0.07422025146484375, 10.649408984374999, 44.74809160305343, -2.9236641221374047, -0.3053435114503817
-1.2018892333984375, 2.157175695800781, 9.60793126220703, 210.12213740458014, -20.213740458015266, 3.9923664122137406
-0.35194764404296874, 5.03740029296875, 6.234501123046875, 250.12977099236642, -34.76335877862596, 14.335877862595419
0.105344873046875, 8.250418920898436, -1.2521674682617188, 250.12977099236642, -23.46564885496183, 3.816793893129771
0.9337386474609375, 9.97184991455078, -7.726088757324218, 232.95419847328245, -44.770992366412216, 12.587786259541986
0.9888052856445312, 10.888829150390624, -8.789114294433594, -138.09923664122138, 7.038167938931298, -6.8320610687022905
0.09337386474609374, 11.202469567871093, -4.762067102050781, -250.13740458015266, 26.557251908396946, -6.137404580152672
1.5011644409179687, 6.222530114746093, 2.0374656127929685, -250.13740458015266, 37.083969465648856, 42.36641221374046
-3.5146880371093747, -8.2743609375, 12.227187878417968, -90.14503816793894, 17.80916030534351, -29.419847328244273
0.15083470458984374, 3.0789433349609374, 9.481038574218749, 25.557251908396946, -7.595419847328245, 19.81679389312977
-1.5251064575195312, -0.3016694091796875, 10.594342346191405, 9.625954198473282, -1.7633587786259541, -7.809160305343512
-0.02154781494140625, 0.7278373046875, 10.249577307128906, -6.687022900763359, -1.7633587786259541, -19.198473282442748
-0.7541735229492187, 1.197100830078125, 10.117896215820313, 12.091603053435115, -5.824427480916031, -0.015267175572519083
-1.0007762939453124, 1.4772224243164063, 10.235212097167969, -2.33587786259542, -1.1068702290076335, 0.6870229007633588
-0.8595183959960937, 1.5825672973632812, 10.002974536132811, -1.5648854961832062, -0.3282442748091603, -0.732824427480916
-0.9816226806640624, 1.5658078857421873, 10.232817895507813, 3.6106870229007635, -1.5419847328244274, 0.0
-1.0917559570312498, 1.0630255371093749, 10.28549033203125, 24.31297709923664, -0.7175572519083969, 1.5648854961832062
-1.3407529296874998, 0.47884033203125, 10.558429321289061, 174.0763358778626, -1.5267175572519085, 4.893129770992366
-1.3718775512695311, 4.220977526855468, 5.949591125488281, 250.12977099236642, -30.14503816793893, 42.16030534351145
0.17238251953125, 9.670180505371093, -4.774038110351563, 250.12977099236642, -37.50381679389313, 14.183206106870228
0.622492431640625, 8.719682446289061, -8.549694128417968, 238.96946564885496, -38.83969465648855, 23.022900763358777
0.40940848388671874, 8.06367119140625, -8.98304462890625, -57.343511450381676, 0.8320610687022901, -3.7480916030534353
0.3950432739257812, 10.429142431640624, -7.551312036132812, -250.13740458015266, 41.3587786259542, -12.793893129770993
-0.7278373046875, 8.137891442871092, 0.6847416748046875, -250.13740458015266, -1.8473282442748091, 17.12213740458015
1.4915876342773438, 4.422090466308593, 4.874594580078124, -250.13740458015266, 57.94656488549618, -3.885496183206107
-4.070142822265625, -6.9336080078124995, 12.55758770751953, -35.099236641221374, 12.244274809160306, -53.908396946564885
0.028730419921875, 2.4947581298828125, 9.662997900390625, 5.8396946564885495, -10.419847328244275, 17.3206106870229
-1.5849614990234373, -0.009576806640625, 10.474632263183594, 19.35114503816794, 4.648854961832061, -9.129770992366412
-0.38786066894531246, -0.12689268798828124, 10.488997473144531, -9.648854961832061, -0.15267175572519084, -16.954198473282442
-1.2617442749023438, 0.5530605834960938, 9.967061511230469, 4.4961832061068705, -2.564885496183206, 8.17557251908397
-1.2497732666015624, 0.5123591552734374, 10.223241088867187, 5.687022900763359, 1.3969465648854962, 6.312977099236641
-1.1085153686523437, 0.19153613281249998, 10.350133776855468, 15.51908396946565, -5.122137404580153, 3.0763358778625953
-1.3096283081054687, 0.7876923461914062, 10.225635290527343, -2.282442748091603, -5.6106870229007635, 0.16030534351145037
-1.4604630126953124, -1.7980454467773437, 11.25514200439453, 88.27480916030534, -9.282442748091603, -2.267175572519084
-1.5466542724609373, 1.89620771484375, 8.712499841308594, 250.12977099236642, -34.82442748091603, 10.229007633587786
0.09337386474609374, 5.7149593627929685, 3.450044592285156, 250.12977099236642, -62.94656488549618, 28.53435114503817
0.15083470458984374, 10.187328063964843, -5.600037683105469, 250.12977099236642, -50.091603053435115, 25.267175572519083
1.4508862060546874, 10.484209069824217, -7.8362220336914055, 3.3893129770992365, -14.427480916030534, 6.603053435114504
0.9624690673828125, 11.051634863281249, -5.7317187744140625, -250.13740458015266, 28.748091603053435, -5.259541984732825
0.24899697265624998, 8.432378247070313, 1.4317325927734375, -250.13740458015266, 0.916030534351145, 18.358778625954198
1.5610194824218748, 3.8139632446289062, 5.015852478027344, -250.13740458015266, 66.52671755725191, 4.931297709923665
-3.67749375, -7.563283044433593, 12.552799304199217, 6.870229007633588, -1.3511450381679388, 12.610687022900763
0.0909796630859375, 1.8938135131835936, 9.773131176757811, -11.793893129770993, 3.633587786259542, -4.534351145038168
-1.3024457031249999, -0.6200982299804687, 10.51533369140625, 21.099236641221374, -0.8473282442748091, 26.893129770992367
-0.6416460449218749, -0.5315127685546874, 10.486603271484375, -4.870229007633588, 2.9618320610687023, -17.396946564885496
-1.7549498168945312, 1.3670891479492187, 10.05564697265625, 0.8702290076335878, -6.33587786259542, -4.297709923664122
-1.5825672973632812, 0.814028564453125, 10.024522351074218, 3.8473282442748094, -9.755725190839694, -8.32824427480916
-1.62805712890625, 0.9552864624023437, 10.036493359375, 9.099236641221374, -8.969465648854962, -14.946564885496183
-0.9816226806640624, 0.373495458984375, 10.809820495605468, 18.82442748091603, -11.84732824427481, -13.038167938931299
-1.2808978881835937, 0.5195417602539062, 10.836156713867187, 172.22137404580153, -26.267175572519083, 0.21374045801526717
-1.0414777221679687, 3.919308117675781, 6.160280871582031, 250.12977099236642, -52.732824427480914, 34.38931297709924
1.1276689819335937, 8.066065393066406, -3.2321722412109373, 250.12977099236642, -46.66412213740458, -3.1755725190839694
1.1635820068359375, 9.488221179199218, -9.550470422363281, 230.94656488549617, -52.786259541984734, 24.015267175572518
1.1228805786132812, 8.463502868652343, -9.138667736816405, -109.59541984732824, -2.7022900763358777, -0.05343511450381679
0.8116343627929687, 9.854534033203125, -5.930437512207031, -250.13740458015266, 35.0, -4.67175572519084
0.239420166015625, 7.996633544921875, 1.8195932617187498, -250.13740458015266, -5.229007633587786, 17.99236641221374
1.8818425048828125, 2.767697119140625, 5.494692810058593, -250.13740458015266, 67.6412213740458, -7.221374045801527
-3.0047230834960934, -6.931213806152344, 12.35408056640625, 14.091603053435115, 0.007633587786259542, -0.7633587786259542
-0.4572925170898437, 2.839523168945312, 9.739612353515625, 12.335877862595419, -9.48091603053435, -2.900763358778626
-1.2210428466796874, -0.7254431030273437, 10.582371337890624, 10.427480916030534, 0.183206106870229, 9.351145038167939
-0.38786066894531246, 1.2808978881835937, 9.969455712890625, 4.259541984732825, -1.5648854961832062, -11.595419847328245
-0.43574470214843747, 1.0917559570312498, 10.342951171874999, 1.5038167938931297, -0.8396946564885496, -6.061068702290076
-0.5482721801757812, 1.0462661254882812, 10.283096130371094, 0.015267175572519083, -5.0534351145038165, -3.4427480916030535
-0.6512228515624999, 1.2832920898437499, 10.412383020019531, 7.396946564885496, -4.702290076335878, -0.45038167938931295
-0.9337386474609375, 2.0470424194335934, 9.828197814941406, 50.16030534351145, -10.030534351145038, 2.0381679389312977
-0.17477672119140625, 0.41898529052734373, 10.817003100585938, 85.01526717557252, -4.068702290076335, 2.648854961832061
-0.603338818359375, 2.9568390502929685, 8.010998754882811, 250.12977099236642, -29.30534351145038, 22.458015267175572
0.6775590698242188, 6.804321118164062, -2.310404602050781, 250.12977099236642, -36.19083969465649, 26.114503816793892
0.8738836059570312, 10.838550915527343, -9.868899243164062, 242.3206106870229, -46.37404580152672, 17.0381679389313
0.8978256225585937, 6.715735656738281, -7.596801867675781, -28.81679389312977, -0.8015267175572519, -2.183206106870229
1.8171990600585937, 12.677297790527343, -10.352527978515624, -250.13740458015266, 48.57251908396947, -25.72519083969466
-0.1197100830078125, 5.987898352050781, -0.7350199096679687, -250.13740458015266, -2.2519083969465647, 44.52671755725191
0.06703764648437499, -5.240907434082031, 9.861716638183593, -250.13740458015266, 82.54198473282443, -31.72519083969466
0.3687070556640625, 0.86191259765625, 9.49300958251953, 152.16030534351145, -20.923664122137403, 79.0381679389313
0.26336218261718747, 0.8738836059570312, 10.311826550292968, -52.343511450381676, 28.52671755725191, -43.33587786259542
-0.1867477294921875, 1.2785036865234374, 10.486603271484375, 11.16030534351145, -0.2824427480916031, 40.48854961832061
-0.7829039428710937, 1.2282254516601563, 10.527304699707031, -1.4198473282442747, 0.8702290076335878, -7.2748091603053435
-0.6368576416015624, 1.2114660400390624, 10.395623608398436, -6.213740458015267, -3.7251908396946565, 0.16793893129770993
-0.6775590698242188, 1.0726023437499999, 10.388441003417968, 0.4198473282442748, -4.809160305343512, 0.9847328244274809
-0.565031591796875, 1.0630255371093749, 10.460267053222656, 5.641221374045801, -8.961832061068701, -1.8778625954198473
-0.229843359375, 1.235408056640625, 10.115502014160155, 11.396946564885496, 0.46564885496183206, 8.80916030534351
-0.8164227661132812, 0.22505495605468748, 10.678139404296875, 82.20610687022901, -14.549618320610687, 1.2595419847328244
-0.2537853759765625, 1.0582371337890624, 7.465120776367187, 250.12977099236642, -49.41984732824427, 33.83969465648855
2.4205378784179685, 9.871293444824218, -7.070077502441406, 250.12977099236642, -58.55725190839695, 3.450381679389313
1.2114660400390624, 9.200916979980468, -9.018957653808593, 177.9618320610687, -40.70992366412214, 31.450381679389313
1.3838485595703125, 7.292738256835937, -8.317456567382813, -61.0763358778626, 8.641221374045802, -3.381679389312977
1.6352397338867186, 9.90241806640625, -7.223306408691406, -250.13740458015266, 44.45038167938932, 0.3053435114503817
0.8714894042968749, 9.744400756835937, -2.379836450195312, -250.13740458015266, 26.022900763358777, 15.083969465648854
3.0142998901367184, 2.6479870361328124, 3.3973721557617185, -250.13740458015266, 118.47328244274809, 24.442748091603054
-2.7940333374023436, -8.113949426269532, 12.524068884277343, -33.152671755725194, 15.358778625954198, -15.312977099236642
-0.2537853759765625, 1.8243816650390623, 9.868899243164062, 122.63358778625954, -9.083969465648854, 39.045801526717554
0.201112939453125, 1.6519991455078125, 9.991003527832031, -57.85496183206107, 7.511450381679389, -35.81679389312977
-0.7110778930664062, -0.1197100830078125, 10.419565624999999, 1.0534351145038168, -2.7480916030534353, 15.0
-0.4381389038085937, 0.5602431884765625, 10.378864196777343, 1.083969465648855, -2.5419847328244276, -0.7175572519083969
-0.373495458984375, 0.7613561279296874, 10.342951171874999, 3.2061068702290076, -2.0076335877862594, -1.4351145038167938
-0.430956298828125, 0.5746083984375, 10.347739575195313, 1.3358778625954197, -2.145038167938931, -0.8091603053435115
-0.32082302246093747, -0.45010991210937495, 10.479420666503906, 47.80916030534351, -10.473282442748092, -1.0229007633587786
-0.6392518432617187, 0.6655880615234374, 9.713276135253906, 229.67175572519085, -24.106870229007633, 9.83206106870229
-0.06703764648437499, 4.774038110351563, 4.299986181640625, 250.12977099236642, -71.70992366412214, 14.374045801526718
0.507570751953125, 9.351751684570312, -4.690241052246093, 250.12977099236642, -34.3587786259542, 5.587786259541985
1.714248388671875, 9.41639512939453, -9.866505041503906, 156.32824427480915, -26.80916030534351, 1.8702290076335877
1.4221557861328125, 8.688557824707031, -8.508992700195313, -151.0, 13.229007633587786, -9.465648854961833
1.209071838378906, 9.466673364257812, -4.948814831542968, -242.34351145038167, 36.00763358778626, 0.8473282442748091
0.6584054565429687, 9.074024291992187, 0.43574470214843747, -215.9618320610687, 13.244274809160306, 37.534351145038165
2.262520568847656, 8.652644799804687, 3.7301661865234372, -228.0763358778626, 12.183206106870228, 43.396946564885496
2.442085693359375, 2.925714428710937, 6.074089611816406, -250.13740458015266, 93.74045801526718, 25.091603053435115
-1.3646949462890625, -4.407725256347656, 11.180921752929686, -101.55725190839695, 16.83969465648855, -37.89312977099237
0.4836287353515625, 0.00718260498046875, 10.505756884765624, 75.14503816793894, 1.984732824427481, 23.862595419847327
0.5003881469726562, 1.2330138549804688, 10.144232434082031, -22.358778625954198, 2.8473282442748094, -18.87786259541985
-0.34715924072265625, 0.2537853759765625, 10.326191760253906, 0.3893129770992366, -1.916030534351145, -0.5877862595419847
-0.4429273071289062, 0.47644613037109373, 10.307038146972655, 2.122137404580153, -3.213740458015267, 0.5190839694656488
-0.44053310546874996, 0.28012159423828126, 10.352527978515624, 6.877862595419847, -2.816793893129771, -1.1297709923664123
-0.6871358764648438, 0.02633621826171875, 10.457872851562499, 44.12977099236641, -8.297709923664122, 0.05343511450381679
-0.7158662963867187, 1.4508862060546874, 9.715670336914062, 201.0229007633588, -30.793893129770993, 16.267175572519083
0.584185205078125, 4.333505004882812, 5.379771130371093, 250.12977099236642, -57.64885496183206, 4.7251908396946565
0.8571241943359375, 8.564059338378906, -4.553771557617187, 250.12977099236642, -3.83206106870229, -12.396946564885496
1.446097802734375, 9.70369932861328, -9.562441430664062, 196.8854961832061, -39.64885496183206, -5.679389312977099
0.9840168823242187, 8.959102612304687, -9.184157568359375, -155.9618320610687, 11.717557251908397, -9.83206106870229
0.8307879760742187, 10.388441003417968, -6.349422802734375, -250.13740458015266, 41.961832061068705, -10.51908396946565
-0.33039982910156246, 7.46272657470703, 1.3144167114257812, -250.13740458015266, -0.9083969465648855, 27.793893129770993
1.5682020874023437, 0.9169792358398436, 7.216123803710937, -250.13740458015266, 81.90839694656489, -6.9465648854961835
-2.1787235107421874, -4.206612316894531, 11.168950744628905, 11.572519083969466, -20.778625954198475, 9.778625954198473
0.17956512451171874, 0.8906430175781249, 10.067617980957031, 45.17557251908397, -1.748091603053435, 13.213740458015268
-0.7134720947265625, 0.5578489868164063, 10.330980163574218, -26.82442748091603, -0.6870229007633588, -14.98473282442748
-0.016759411621093748, 0.21787235107421873, 10.220846887207031, 12.091603053435115, -0.5267175572519084, 0.6183206106870229
-0.373495458984375, 0.7134720947265625, 10.32379755859375, -0.09923664122137404, -0.8549618320610687, -0.3969465648854962
-0.43574470214843747, 0.7852981445312499, 10.290278735351562, -0.06870229007633588, -2.3206106870229006, -0.8931297709923665
-0.33039982910156246, 0.8690952026367187, 10.330980163574218, 0.22900763358778625, -1.7633587786259541, -1.6106870229007633
-0.36391865234375, 0.8834604125976562, 10.153809240722655, -0.4580152671755725, -2.0229007633587788, -0.3435114503816794
-0.4333505004882812, -0.7254431030273437, 10.761936462402343, 45.43511450381679, -5.3893129770992365, 0.33587786259541985
-0.55545478515625, 1.0893617553710937, 9.354145886230468, 225.3969465648855, -21.801526717557252, 9.717557251908397
0.1005564697265625, 4.446032482910156, 3.5721488769531247, 250.12977099236642, -52.412213740458014, 22.80916030534351
0.4908113403320312, 9.868899243164062, -6.512228515625, 250.12977099236642, -27.229007633587788, 18.297709923664122
2.138022082519531, 7.46272657470703, -9.701305126953125, 166.36641221374046, -13.221374045801527, 4.870229007633588
1.6424223388671875, 8.365340600585936, -9.677363110351562, -141.12977099236642, 13.145038167938932, -17.404580152671755
1.149216796875, 9.583989245605467, -7.036558679199218, -250.13740458015266, 34.786259541984734, -24.03053435114504
0.13407529296874998, 7.750030773925781, 0.5889736083984375, -248.13740458015266, 3.3969465648854964, 28.412213740458014
1.9584569580078124, -2.0566192260742184, 7.0078282592773435, -250.13740458015266, 104.52671755725191, -24.091603053435115
-1.5777788940429687, -5.415684155273437, 10.802637890625, 141.12977099236642, -16.0, 47.343511450381676
-0.02633621826171875, 2.2170307373046874, 9.746794958496093, 39.23664122137404, -5.541984732824427, -10.641221374045802
-0.7206546997070312, -0.24181436767578124, 10.539275708007812, -51.603053435114504, 1.6717557251908397, -6.847328244274809
-0.20350714111328125, 0.05746083984375, 10.168174450683592, 1.8244274809160306, -1.6259541984732824, -2.2061068702290076
-0.239420166015625, 0.15083470458984374, 10.347739575195313, 5.770992366412214, -1.0305343511450382, -0.8015267175572519
-0.25139117431640623, -1.0558429321289062, 10.644620581054687, 29.27480916030534, -7.847328244274809, -2.885496183206107
-0.373495458984375, 0.9696516723632812, 9.890447058105469, 177.23664122137404, -23.31297709923664, 8.183206106870228
0.023942016601562498, 4.285620971679688, 6.931213806152344, 250.12977099236642, -55.656488549618324, 4.099236641221374
1.3623007446289062, 9.507374792480467, 0.2609679809570312, 250.12977099236642, -7.740458015267175, -24.931297709923665
1.2042834350585936, 10.733206042480468, -3.9935283691406247, 180.6412213740458, -35.786259541984734, -10.511450381679388
1.0654197387695312, 11.805808386230469, -5.4013189453125, -121.53435114503817, 9.221374045801527, -2.877862595419847
0.2346317626953125, 10.165780249023436, -1.4413093994140624, -250.13740458015266, 17.213740458015266, 14.366412213740459
1.43652099609375, 5.908889697265625, 5.0948611328124995, -250.13740458015266, 9.526717557251908, 51.93129770992366
-0.105344873046875, -2.8131869506835936, 9.227253198242186, -250.13740458015266, 72.6030534351145, -18.30534351145038
0.14125789794921875, -4.589684582519531, 10.369287390136718, 89.3969465648855, -23.091603053435115, 50.70992366412214
-0.2920926025390625, 0.354341845703125, 9.86411083984375, 16.954198473282442, 2.7480916030534353, -22.0
-0.46686932373046874, -1.01514150390625, 10.544064111328124, -17.801526717557252, -1.8091603053435115, 9.419847328244275
0.0, -1.1827356201171875, 10.407594616699217, 10.450381679389313, 0.5954198473282443, -12.183206106870228
-0.20350714111328125, -1.0438719238281249, 10.421959826660157, 1.3206106870229009, -1.8091603053435115, 3.3969465648854964
-0.40462008056640625, -1.2689268798828124, 10.273519323730468, 3.7251908396946565, -3.8091603053435112, 0.7480916030534351
-0.5961562133789062, -1.0175357055664063, 10.194510668945313, 11.030534351145038, -1.0076335877862594, -1.5648854961832062
-0.23223756103515625, -1.0582371337890624, 10.383652600097655, 7.641221374045801, -0.9236641221374046, -0.9465648854961832
-0.5386953735351562, -1.4341267944335936, 10.50815108642578, 15.259541984732824, -8.541984732824428, -6.320610687022901
-0.7206546997070312, -1.0702081420898437, 10.457872851562499, 149.12977099236642, -16.15267175572519, -3.763358778625954
-0.36631285400390623, 2.47081611328125, 8.104372619628906, 250.12977099236642, -48.7557251908397, 10.938931297709924
1.924938134765625, 6.040570788574218, 0.39983167724609375, 250.12977099236642, -20.236641221374047, -17.137404580152673
0.1197100830078125, 9.205705383300781, -8.999804040527343, 250.12977099236642, -66.19847328244275, 26.083969465648856
1.1659762084960936, 9.327809667968749, -10.05564697265625, -119.9618320610687, -0.5725190839694656, -4.541984732824427
1.005564697265625, 9.840168823242188, -6.500257507324219, -250.13740458015266, 32.961832061068705, -3.7709923664122136
-0.0526724365234375, 8.350975390624999, 0.5315127685546874, -250.13740458015266, 6.870229007633588, 19.00763358778626
2.1547814941406247, 4.185064501953125, 4.00310517578125, -250.13740458015266, 52.80152671755725, 34.11450381679389
-2.6575638427734374, -9.68454571533203, 12.447454431152343, -103.00763358778626, -10.274809160305344, -6.511450381679389
0.9361328491210937, -0.7924807495117187, 9.471461767578125, 96.38931297709924, -4.0, 38.05343511450382
-0.469263525390625, -0.1484405029296875, 10.213664282226562, -30.282442748091604, -3.7786259541984735, -32.52671755725191
0.229843359375, -2.032677209472656, 10.43153663330078, -6.793893129770993, 1.6717557251908397, 21.748091603053435
-0.17956512451171874, -0.06943184814453125, 10.137049829101562, -4.282442748091603, -4.931297709923665, 5.190839694656488
-0.44532150878906246, -0.24899697265624998, 10.314220751953124, 2.9389312977099236, -1.83206106870229, -4.488549618320611
0.24181436767578124, -0.40940848388671874, 10.457872851562499, -1.2061068702290076, 1.465648854961832, 2.2748091603053435
-0.4572925170898437, -0.29448680419921874, 10.211270080566406, 4.229007633587786, -8.900763358778626, -3.282442748091603
-0.5386953735351562, -1.9895815795898437, 11.336544860839844, 66.35114503816794, -8.786259541984732, -3.618320610687023
-0.07422025146484375, 0.7278373046875, 9.145850341796875, 250.12977099236642, -39.61832061068702, 7.076335877862595
1.1707646118164061, 5.772420202636718, 3.2920272827148436, 250.12977099236642, -52.221374045801525, 2.8625954198473282
-0.5602431884765625, 8.001421948242188, -5.875370874023437, 250.12977099236642, -28.770992366412212, 27.17557251908397
1.8243816650390623, 10.819397302246093, -11.441889733886718, 109.29770992366412, -23.786259541984734, -10.045801526717558
1.01514150390625, 7.886500268554687, -8.291120349121094, -216.25190839694656, 13.763358778625955, -22.702290076335878
0.8259995727539062, 10.266336718749999, -4.759672900390624, -250.13740458015266, 34.52671755725191, -4.847328244274809
-0.047884033203124995, 6.995857250976562, 2.9759926635742184, -250.13740458015266, -5.198473282442748, 36.770992366412216
1.7573440185546874, 4.6447512207031245, 5.916072302246094, -250.13740458015266, 56.67175572519084, 20.778625954198475
-2.29843359375, -7.733271362304687, 11.362881079101562, -178.64885496183206, 4.175572519083969, -27.52671755725191
0.928950244140625, -1.66636435546875, 9.540893615722656, 126.12213740458016, -6.6183206106870225, 43.05343511450382
-0.33039982910156246, 1.0510545288085937, 10.084377392578125, -30.458015267175572, 3.8473282442748094, -21.0
