
raise, -4.084508032226562, -9.045293872070312, -4.084508032226562, -9.066841687011719, -3.9432501342773434, -8.916006982421875, -3.7038299682617186, -8.99501563720703, -4.244919543457031, -9.418789331054686, -10.151415039062499, -10.12507882080078, -11.949460485839843, -13.78341895751953, -10.151415039062499, -15.083470458984374, -4.697423657226563, -13.395558288574218, -3.1651345947265623, -8.283937744140625, -0.47165772705078124, -1.9680337646484374, -2.8036101440429686, 3.9145197143554684, -4.223371728515625, 6.1076084350585935, -5.6311623046875, 5.5258174316406246, 
raise, -7.785943798828124, -0.5674257934570313, -8.56166513671875, -0.7350199096679687, -9.85692823486328, -0.82360537109375, -11.298237634277344, -1.1707646118164061, -13.596671228027343, -1.7310078002929687, -12.50730947265625, -1.7238251953125, -9.533711010742186, -1.2665326782226562, -7.6087728759765625, 0.9792284790039062, -6.792350109863281, 3.986345764160156, -4.220977526855468, 4.637568615722656, -2.195482922363281, 7.448361364746093, -2.114080065917969, 9.129090930175781, -1.924938134765625, 9.45470235595703, -1.7405846069335937, 9.583989245605467, 
raise, -4.594472985839843, -8.456320263671875, -5.078101721191406, -8.518569506835936, -8.044517578125, -9.334992272949219, -10.711658227539061, -10.905588562011719, -9.713276135253906, -11.48498536376953, -7.781155395507812, -10.266336718749999, -5.810727429199218, -8.221688500976562, -5.781997009277344, -3.0166940917968748, -3.5673604736328124, 1.0989385620117187, -3.5793314819335937, 3.890577697753906, -2.6384102294921874, 6.622361791992187, -2.6575638427734374, 8.087613208007811, -3.478775012207031, 8.2743609375, -4.331110803222656, 8.21690009765625, 
lower, -8.295908752441406, 3.1004911499023438, -7.3932947265625, 2.4875755249023435, -4.984727856445312, 1.7956512451171873, -3.6367923217773437, -0.7517793212890624, -3.6846763549804686, -3.9528269409179684, -5.815515832519531, -7.599196069335937, -11.01332763671875, -12.196063256835936, -7.0652890991210935, -12.861651318359375, -5.968744738769531, -11.985373510742187, -4.4819455078125, -10.675745202636719, -4.369418029785156, -9.952696301269532, -3.258508459472656, -9.641450085449218, -2.7533319091796873, -9.629479077148437, -2.626439221191406, -9.375693701171874, 
lower, -7.999027746582031, 3.5338416503906247, -7.6614453125, 3.2561142578125, -5.628768103027343, 2.4205378784179685, -4.168305090332031, 0.8212111694335937, -5.111620544433594, -1.2808978881835937, -5.379771130371093, -5.027823486328125, -7.864952453613281, -9.629479077148437, -7.582436657714843, -12.205640063476562, -6.337451794433593, -12.449848632812499, -4.948814831542968, -11.884817041015625, -4.302380383300781, -10.568006127929687, -3.9264907226562498, -10.232817895507813, -2.7269956909179687, -9.885658654785155, -1.6472107421875, -9.631873278808593, 
lower, -7.982268334960937, 5.2456958374023435, -7.630320690917968, 5.061342309570312, -6.849810949707031, 5.070919116210937, -4.867411975097656, 5.463568188476562, -4.352658618164062, 3.4548329956054684, -3.845087866210937, -0.6057330200195312, -5.257666845703125, -3.873818286132812, -7.189787585449218, -7.659051110839843, -7.474697583007812, -10.280701928710936, -8.226476904296874, -12.550405102539061, -6.081272216796875, -12.981361401367186, -5.116408947753906, -11.473014355468749, -3.928884924316406, -10.46984385986328, -3.3494881225585935, -9.483432775878907, 
raise, -2.9640216552734375, -9.449913952636718, -4.829104748535156, -9.80665, -8.307879760742187, -11.221623181152344, -9.241618408203124, -12.416329809570312, -8.348581188964843, -12.052411157226562, -8.305485559082031, -9.555258825683593, -4.3622354248046875, -8.542511523437499, -3.6343981201171873, -5.066130712890625, -3.782838623046875, 1.9871873779296874, -2.882618798828125, 4.8506525634765625, -4.967968444824218, 6.136338854980468, -4.76924970703125, 6.193799694824218, -6.172251879882812, 5.992686755371094, -6.598419775390624, 5.892130285644531, 
raise, -4.278438366699218, -9.188945971679686, -7.510610607910156, -9.849745629882811, -10.283096130371094, -12.157756030273436, -7.510610607910156, -14.369998364257812, -5.983109948730468, -13.462595935058593, -2.906560815429687, -10.261548315429687, -3.459621398925781, -4.972756848144531, -4.067748620605468, -0.033518823242187495, -4.656722229003906, 3.5003228271484375, -5.892130285644531, 4.704606262207031, -6.667851623535156, 5.518634826660156, -6.833051538085937, 5.717353564453124, -6.622361791992187, 5.793968017578124, -7.053318090820312, 5.7077767578125, 
raise, -2.0733786376953125, -9.90241806640625, -3.612850305175781, -9.617508068847656, -6.567295153808593, -10.405200415039062, -8.494627490234375, -12.054805358886718, -6.325480786132812, -13.646949462890625, -5.760449194335937, -11.815385192871092, -4.050989208984375, -10.05564697265625, -4.311957189941406, -7.769184387207031, -3.385401147460937, -4.754884497070313, -4.778826513671874, 1.1085153686523437, -5.353434912109375, 4.153939880371094, -5.741295581054687, 5.700594152832031, -5.741295581054687, 6.138733056640625, -6.562506750488281, 6.2201359130859375, 
raise, -2.9544448486328125, -9.390058911132812, -4.410119458007812, -9.430760339355468, -6.256048937988281, -9.674968908691406, -7.474697583007812, -12.260706701660155, -8.238447912597655, -14.81771407470703, -7.481880187988281, -13.397952490234374, -4.4196962646484375, -9.734823950195311, -4.182670300292968, -5.0182466796875, -2.636016027832031, -2.4756045166015626, -4.84586416015625, 3.4955344238281247, -4.687846850585937, 5.679046337890624, -5.102043737792968, 6.270414147949219, -5.015852478027344, 7.055712292480468, -5.202600207519531, 7.321468676757812, 
raise, -5.801150622558594, -9.950302099609374, -8.461108666992187, -10.467449658203124, -8.817844714355468, -12.164938635253906, -7.4962453979492185, -13.297396020507811, -5.844246252441406, -9.70369932861328, -5.193023400878906, -6.461950280761719, -4.671087438964843, -2.916137622070312, -4.977545251464844, 2.6312276245117188, -4.144363073730468, 5.76523759765625, -4.206612316894531, 7.0102224609374995, -4.522646936035156, 7.335833886718749, -5.427655163574219, 7.000645654296875, -5.913678100585937, 6.768408093261718, -6.2201359130859375, 6.76122548828125, 
raise, -3.4835634155273434, -9.126696728515624, -4.455609289550781, -8.748412866210938, -6.8210805297851556, -9.648632690429688, -8.334215979003906, -12.100295190429687, -6.452373474121093, -13.304578625488281, -5.216965417480468, -11.875240234375, -4.975151049804687, -8.695740429687499, -5.200206005859375, -6.883329772949218, -4.774038110351563, -1.915361328125, -5.013458276367187, 1.1875240234375, -5.446808776855469, 4.204218115234375, -5.566518859863281, 5.983109948730468, -5.327098693847656, 6.497863305664062, -6.076483813476562, 6.5505357421875, 
raise, -3.6750995483398436, -9.241618408203124, -5.367800122070312, -9.78031378173828, -8.640673791503906, -10.809820495605468, -8.020575561523437, -11.81777939453125, -7.68059892578125, -12.509703674316405, -6.48589229736328, -10.254365710449218, -5.214571215820312, -7.304709265136719, -5.310339282226562, -4.472368701171875, -4.259284753417968, -0.5267243652343749, -4.891353991699218, 4.637568615722656, -3.9264907226562498, 6.440402465820312, -4.84586416015625, 6.768408093261718, -5.2456958374023435, 6.7803791015625, -5.468356591796875, 6.636727001953124, 
raise, -3.296815686035156, -9.485826977539062, -4.903325, -9.56962403564453, -5.6024318847656245, -9.3086560546875, -7.8721350585937495, -10.0748005859375, -9.579200842285156, -12.694057202148437, -8.844180932617187, -12.86404552001953, -5.592855078125, -11.18571015625, -4.295197778320312, -8.152256652832031, -2.959233251953125, -2.8706477905273435, -3.8283284545898435, 3.564966271972656, -2.73896669921875, 5.796362219238281, -2.3511060302734372, 7.75721337890625, -3.0693665283203124, 7.979874133300781, -4.120421057128906, 7.9295958984374995, 
lower, -6.294356164550781, 6.019022973632812, -5.130774157714844, 5.722141967773437, -3.3710359375, 5.0014872680664055, -3.3399113159179685, 1.3934253662109375, -4.314351391601562, -2.0350714111328125, -6.7277066650390625, -5.157110375976562, -8.085219006347655, -8.489839086914062, -10.79545528564453, -13.17050333251953, -6.979097839355468, -12.952630981445312, -6.430825659179687, -11.221623181152344, -4.436455676269531, -10.20887587890625, -3.744531396484375, -9.610325463867188, -2.8036101440429686, -9.5384994140625, -2.0063409912109376, -10.01733974609375, 
lower, -6.287173559570312, 4.695029455566406, -4.618415002441406, 3.9600095458984375, -4.6351744140625, 1.8411410766601561, -5.367800122070312, -0.5315127685546874, -6.5768719604492185, -3.0238766967773434, -8.339004382324218, -6.598419775390624, -8.712499841308594, -11.0707884765625, -7.848193041992187, -12.406753002929687, -6.782773303222656, -11.980585107421874, -5.3007624755859375, -11.030087048339842, -4.508281726074219, -9.969455712890625, -2.9496564453125, -9.923965881347655, -2.114080065917969, -9.91438907470703, -1.7118541870117185, -9.91438907470703, 
lower, -6.7277066650390625, 5.793968017578124, -5.0948611328124995, 5.571307263183593, -5.468356591796875, 4.695029455566406, -5.0182466796875, 2.5809493896484375, -4.3622354248046875, -0.19393033447265623, -6.500257507324219, -2.6288334228515624, -6.919242797851562, -5.908889697265625, -7.709329345703124, -9.406818322753905, -9.162609753417968, -11.020510241699219, -6.866570361328125, -11.403582507324218, -6.555324145507812, -10.55364091796875, -5.336675500488281, -10.031704956054687, -3.921702319335937, -9.739612353515625, -3.318363500976562, -9.677363110351562, 
lower, -5.597643481445312, 5.614402893066406, -3.7134067749023436, 5.5641246582031245, -5.334281298828125, 4.496310717773437, -6.442796667480469, 3.1387983764648437, -6.639121203613281, 1.1923124267578125, -7.345410693359375, -1.5083470458984374, -8.580818749999999, -3.0933085449218747, -8.001421948242188, -6.227318518066406, -7.42441934814453, -8.975862023925782, -7.587225061035156, -10.579977136230468, -6.60799658203125, -10.931924780273437, -5.6383449096679685, -10.905588562011719, -4.929661218261718, -10.1131078125, -4.728548278808593, -10.079588989257813, 
lower, -2.250549560546875, 3.5434184570312497, -4.570530969238281, 0.8403647827148437, -7.563283044433593, -4.163516687011718, -10.046070166015625, -8.341398583984375, -9.435548742675781, -10.184933862304687, -8.825027319335938, -11.71482872314453, -7.884106066894531, -11.188104357910156, -5.827486840820312, -10.309432348632813, -4.410119458007812, -9.81862100830078, -3.5338416503906247, -9.655815295410155, -3.019088293457031, -9.662997900390625, -2.1787235107421874, -9.81862100830078, -1.946485949707031, -9.751583361816406, -2.0733786376953125, -9.89523546142578, 
lower, -8.271966735839843, 3.6559459350585937, -7.783549597167968, 3.6056677001953124, -6.452373474121093, 3.2728736694335936, -4.781220715332031, 1.350329736328125, -4.153939880371094, -1.120486376953125, -4.3813890380859375, -5.5641246582031245, -7.287949853515625, -8.44674345703125, -7.266402038574219, -9.832986218261718, -8.204929089355469, -11.080365283203124, -6.461950280761719, -12.016498132324218, -4.493916516113281, -11.77228956298828, -3.5793314819335937, -10.89122335205078, -2.9664158569335934, -10.098742602539062, -2.3415292236328122, -9.449913952636718, 
lower, -7.510610607910156, 4.338293408203125, -5.193023400878906, 3.835511059570312, -2.849099975585937, 2.789244934082031, -3.5529952636718747, 0.8116343627929687, -4.055777612304687, -3.835511059570312, -4.99909306640625, -8.257601525878906, -7.058106494140625, -11.808202587890625, -7.433996154785156, -14.324508532714843, -6.519411120605469, -14.013262316894531, -4.905719201660156, -11.44667813720703, -6.445190869140625, -11.700463513183593, -2.583343591308594, -10.05564697265625, -0.6248866333007812, -9.212887988281249, 0.29448680419921874, -9.737218151855469, 
lower, -6.675034228515624, 6.193799694824218, -5.923254907226562, 6.368576416015625, -4.623203405761719, 6.2584431396484375, -2.4851813232421875, 5.109226342773437, -2.157175695800781, 1.024718310546875, -4.139574670410156, -3.0071172851562498, -5.559336254882812, -8.508992700195313, -7.501033801269531, -10.639832177734375, -9.22485899658203, -13.223175769042967, -7.745242370605468, -12.600683337402343, -6.196193896484375, -11.346121667480467, -4.970362646484375, -10.273519323730468, -4.201823913574218, -9.87608184814453, -2.825157958984375, -10.072406384277343, 
none, -2.5378537597656248, -9.421183532714844, -2.540247961425781, -9.447519750976562, -2.454056701660156, -9.485826977539062, -2.4851813232421875, -9.45470235595703, -2.528276953125, -9.591171850585937, -2.4301146850585935, -9.45470235595703, -2.442085693359375, -9.459490759277344, -2.3918074584960936, -9.49300958251953, -2.398990063476562, -9.49300958251953, -2.4061726684570313, -9.483432775878907, -2.5905261962890624, -9.648632690429688, -2.4205378784179685, -9.497797985839844, -2.4133552734375, -9.464279162597656, -2.5905261962890624, -9.509768994140625, 
none, -2.5713725830078125, -9.471461767578125, -2.549824768066406, -9.471461767578125, -2.597708801269531, -9.425971936035156, -2.521094348144531, -9.469067565917967, -2.454056701660156, -9.49300958251953, -2.3774422485351563, -9.485826977539062, -2.4133552734375, -9.457096557617186, -2.398990063476562, -9.481038574218749, -2.492363928222656, -9.406818322753905, -2.5953145996093747, -9.478644372558593, -2.4061726684570313, -9.49300958251953, -2.31758720703125, -9.797073193359374, -2.039859814453125, -9.892841259765625, -1.924938134765625, -9.804255798339844, -2.032677209472656, -9.4618849609375, 
none, -9.050082275390624, -0.028730419921875, -9.052476477050782, -0.0430956298828125, -9.045293872070312, -0.086191259765625, -9.165003955078124, 0.13646949462890623, -9.14824454345703, -0.19871873779296872, -8.688557824707031, -0.19871873779296872, -9.081206896972656, -0.055066638183593745, -9.208099584960937, -0.055066638183593745, -9.165003955078124, -0.02154781494140625, -9.184157568359375, 0.062249243164062495, -9.081206896972656, 0.12210428466796874, -9.143456140136719, -0.06703764648437499, -9.121908325195312, 0.00239420166015625, -9.327809667968749, 0.11013327636718749, 
none, -9.141061938476563, 0.011971008300781249, -9.131485131835937, 0.00239420166015625, -9.334992272949219, 0.028730419921875, -9.193734375, -0.047884033203124995, -9.234435803222656, -0.011971008300781249, -9.229647399902344, 0.07422025146484375, -9.066841687011719, -0.12689268798828124, -9.34696328125, -0.04548983154296875, -9.229647399902344, 0.02633621826171875, -9.184157568359375, -0.028730419921875, -9.169792358398437, 0.047884033203124995, -9.047688073730468, 0.05746083984375, -9.196128576660156, -0.143652099609375, -9.191340173339842, 0.011971008300781249, 
none, -9.184157568359375, 0.02633621826171875, -9.208099584960937, 0.10773907470703124, -9.217676391601563, 0.04548983154296875, -9.208099584960937, -0.00239420166015625, -9.677363110351562, -0.0909796630859375, -10.149020837402343, -1.1516109985351561, -10.998962426757812, -2.750937707519531, -9.81862100830078, -1.4317325927734375, -6.993463049316406, -0.6464344482421874, -5.889736083984375, 0.08140285644531249, -6.490680700683593, 0.9241618408203125, -6.866570361328125, 0.6919242797851562, -7.012616662597656, 0.5482721801757812, -6.763619689941406, 1.0702081420898437, 
none, -3.0406361083984375, -9.33978067626953, -2.9376854370117185, -9.306261853027344, -3.5913024902343746, -9.428366137695312, -3.356670727539062, -9.490615380859374, -3.2249896362304686, -9.725247143554688, -3.0502129150390624, -9.600748657226562, -2.844311572265625, -9.397241516113281, -2.6192566162109374, -9.14824454345703, -2.693476867675781, -8.813056311035156, -3.019088293457031, -8.808267907714843, -3.0741549316406247, -9.04050546875, -3.2537200561523436, -9.205705383300781, -3.246537451171875, -9.296685046386719, -3.265691064453125, -9.275137231445312, 
none, -1.2138602416992186, -9.018957653808593, -1.5634136840820312, -8.741230261230468, -1.8698714965820311, -9.337386474609374, -0.9959878906249999, -9.361328491210937, -1.3910311645507811, -9.196128576660156, -0.8164227661132812, -8.55448253173828, -1.1468225952148436, -8.597578161621094, -1.838746875, -8.827421520996094, -2.8754361938476563, -9.200916979980468, -2.9568390502929685, -9.720458740234374, -2.913743420410156, -10.053252770996092, -2.3511060302734372, -10.211270080566406, -1.687912170410156, -10.065223779296874, -1.455674609375, -9.605537060546874, 
none, -8.975862023925782, -0.6440402465820312, -9.176974963378905, -0.7613561279296874, -9.081206896972656, -0.7637503295898437, -9.14824454345703, -0.59376201171875, -8.978256225585938, -0.6416460449218749, -8.95670841064453, -0.46686932373046874, -9.062053283691405, -0.6847416748046875, -9.217676391601563, -0.5626373901367188, -9.296685046386719, -0.4572925170898437, -8.736441857910156, -0.63206923828125, -9.150638745117186, -0.699106884765625, -9.145850341796875, -0.7445967163085937, -9.028534460449219, -0.3495534423828125, -9.085995300292968, -0.689530078125, 
none, -8.647856396484375, -0.5482721801757812, -9.227253198242186, -0.7062894897460937, -9.248801013183593, -0.8738836059570312, -9.167398156738281, -0.6009446166992187, -8.985438830566405, -0.34715924072265625, -8.942343200683593, -0.7805097412109374, -9.227253198242186, -1.0486603271484374, -9.14824454345703, -0.8786720092773437, -9.081206896972656, -0.33518823242187495, -8.456320263671875, -0.34237083740234375, -9.2320416015625, -0.9241618408203125, -9.217676391601563, -0.6943184814453125, -9.179369165039063, -0.16998831787109375, -9.028534460449219, -0.6847416748046875, 
none, -8.951920007324219, -0.49320554199218747, -9.081206896972656, -0.6248866333007812, -8.748412866210938, -0.6057330200195312, -8.793902697753905, -0.8978256225585937, -9.181763366699219, -1.139639990234375, -9.253589416503905, -0.47165772705078124, -9.004592443847656, -0.2442085693359375, -8.8872765625, -0.4572925170898437, -8.927977990722656, -0.622492431640625, -9.466673364257812, -0.9050082275390624, -9.282319836425781, -0.373495458984375, -8.856151940917968, -0.584185205078125, -8.966285217285156, -0.833182177734375, -9.330203869628905, -0.7709329345703124, 
none, -9.176974963378905, -0.9265560424804687, -9.34696328125, -0.36631285400390623, -8.781931689453124, -0.6823474731445313, -8.640673791503906, -0.7685387329101562, -8.95670841064453, -0.9361328491210937, -9.241618408203124, -0.8379705810546875, -9.277531433105468, -0.5602431884765625, -8.889670764160156, -0.6296750366210937, -8.882488159179687, -0.9169792358398436, -9.26316622314453, -0.8164227661132812, -8.987833032226561, -0.6751648681640625, -9.203311181640624, -0.33758243408203126, -8.889670764160156, -0.6943184814453125, -8.949525805664061, -0.7158662963867187, 
none, -8.951920007324219, -0.82360537109375, -9.126696728515624, -0.8451531860351562, -8.614337573242187, -0.9457096557617187, -8.93755479736328, -0.8810662109374999, -9.160215551757812, -0.8020575561523438, -9.088389501953124, -0.6943184814453125, -8.894459167480468, -0.7158662963867187, -8.659827404785156, -0.8930372192382812, -9.004592443847656, -1.0773907470703123, -9.14824454345703, -0.9433154541015625, -9.085995300292968, -0.7398083129882812, -8.717288244628906, -0.6967126831054687, -8.683769421386717, -0.7661445312499999, -9.169792358398437, -1.0199299072265624, 
raise, -2.9927520751953125, -9.105148913574219, -3.9552211425781247, -8.916006982421875, -8.693346228027343, -10.290278735351562, -9.191340173339842, -11.748347546386718, -10.110713610839843, -13.441048120117186, -7.000645654296875, -13.012486022949219, -5.588066674804687, -11.159373937988281, -4.441244079589843, -6.100425830078125, -3.7110125732421873, -0.076614453125, -2.602497204589844, 2.549824768066406, -3.6583401367187496, 4.805162731933594, -5.214571215820312, 6.339845996093749, -5.877765075683594, 6.998251452636718, -6.050147595214844, 6.770802294921874, 
raise, -3.651157531738281, -10.747571252441405, -7.287949853515625, -10.309432348632813, -9.935936889648437, -12.591106530761717, -7.896077075195312, -14.997279199218749, -4.491522314453125, -12.734758630371093, -3.670311145019531, -9.1554271484375, -3.189076611328125, -5.221753820800781, -3.9528269409179684, -1.7477672119140624, -5.104437939453125, 1.599326708984375, -6.524199523925781, 3.0406361083984375, -7.50821640625, 3.5338416503906247, -7.807491613769531, 3.9743747558593747, -8.197746484375, 3.497928625488281, -8.137891442871092, 3.6727053466796873, 
raise, -4.271255761718749, -10.364498986816406, -8.765172277832031, -11.906364855957031, -10.781090075683593, -14.219163659667968, -6.871358764648437, -14.647725756835937, -4.019864587402344, -11.252747802734374, -2.8419173706054686, -7.161057165527343, -2.6240450195312497, -3.754108203125, -4.393360046386719, 0.45489831542968745, -4.786009118652344, 3.7612908081054686, -5.5090580200195305, 5.394136340332031, -6.349422802734375, 5.154716174316406, -7.043741284179687, 4.4819455078125, -6.902483386230468, 4.53940634765625, -7.331045483398437, 4.661510632324219, 
raise, -7.81467421875, -11.726799731445311, -8.82981572265625, -13.690045092773437, -6.775590698242187, -14.561534497070312, -4.393360046386719, -12.849680310058593, -3.907337109375, -9.074024291992187, -2.6048914062499997, -3.749319799804687, -3.35188232421875, 2.04943662109375, -4.924872814941406, 3.2130186279296873, -5.95677373046875, 5.013458276367187, -6.222530114746093, 5.456385583496093, -6.763619689941406, 5.76523759765625, -7.316680273437499, 5.317521887207031, -7.1778165771484375, 5.511452221679687, -7.240065820312499, 5.386953735351562, 
raise, -2.4756045166015626, -10.156203442382813, -2.3582886352539063, -9.938331091308592, -3.469198205566406, -10.237606298828124, -9.536105212402344, -11.724405529785155, -10.51533369140625, -16.54153927001953, -6.612784985351562, -17.12811867675781, -3.612850305175781, -13.713987109375, -1.4173673828125, -9.576806640625, -2.212242333984375, -3.84987626953125, -1.7238251953125, 2.760514514160156, -3.3327287109375, 6.311115576171875, -5.386953735351562, 6.947973217773437, -5.868188269042968, 6.526593725585937, -6.174646081542968, 6.49307490234375, 
raise, -2.6767174560546874, -9.765948571777344, -2.5905261962890624, -9.892841259765625, -3.404554760742187, -10.235212097167969, -8.403647827148436, -10.996568225097656, -11.712434521484374, -16.529568261718747, -4.570530969238281, -17.666814050292967, -2.9759926635742184, -13.972560888671874, -1.3287819213867187, -10.103531005859374, -2.205059729003906, -4.029441394042968, -3.246537451171875, 3.81156904296875, -3.825934252929687, 5.422866760253906, -5.212177014160156, 6.777984899902344, -5.058948107910156, 6.074089611816406, -6.026205578613281, 6.471527087402343, 
raise, -2.2649147705078123, -9.80665, -2.7198130859375, -10.04846436767578, -7.599196069335937, -11.690886706542969, -11.3389390625, -15.928623645019531, -5.671863732910156, -17.056292626953123, -3.871424084472656, -14.015656518554687, -1.8435352783203125, -9.100360510253905, -1.2785036865234374, -4.015076184082031, -1.9704279663085937, 2.6982652709960937, -2.683900061035156, 5.6958057495117185, -4.170699291992188, 6.926425402832031, -5.360617517089843, 6.924031201171875, -5.72693037109375, 6.890512377929687, -6.58884296875, 6.4643444824218745, 
raise, -7.596801867675781, -11.724405529785155, -11.611878051757811, -16.814478259277344, -4.575319372558593, -17.55189237060547, -1.7860744384765623, -15.035586425781249, -3.0214824951171875, -11.066000073242186, -0.7733271362304687, -4.726154077148437, -3.785232824707031, 3.0526071166992184, -3.4261025756835934, 6.275202551269531, -4.005499377441406, 7.520187414550781, -5.116408947753906, 7.292738256835937, -5.66946953125, 7.038952880859375, -5.904101293945312, 6.938396411132812, -5.916072302246094, 6.833051538085937, -5.786785412597656, 7.015010864257812, 
raise, -6.102820031738281, -10.417171423339843, -9.677363110351562, -13.084312072753905, -6.543353137207031, -14.803348864746093, -4.340687609863281, -12.641384765624998, -4.225765930175781, -9.710881933593749, -3.9839515624999997, -6.119579443359375, -3.9624037475585934, -1.4867992309570313, -4.520252734375, 3.3638533325195312, -4.402936853027343, 4.929661218261718, -6.030993981933594, 5.161898779296875, -6.471527087402343, 5.394136340332031, -7.146691955566406, 5.341463903808593, -7.204152795410156, 5.1140147460937495, -7.445967163085937, 5.03740029296875, 
lower, -7.168239770507812, 4.8889597900390624, -6.325480786132812, 4.479551306152343, -4.0222587890625, 3.7804444213867185, -2.7820623291015623, 1.924938134765625, -1.7956512451171873, -0.7541735229492187, -6.177040283203125, -2.6623522460937497, -8.52335791015625, -6.624755993652343, -7.4962453979492185, -10.855310327148437, -10.168174450683592, -13.759476940917969, -8.353369592285155, -14.647725756835937, -6.1076084350585935, -11.403582507324218, -3.881000891113281, -10.694898815917968, -3.4452561889648434, -10.237606298828124, -1.407790576171875, -10.050858569335936, -0.9624690673828125, -9.8449572265625, 
lower, -7.4028715332031245, 5.293579870605469, -6.354211206054687, 4.92247861328125, -3.9528269409179684, 3.5577836669921874, -1.8291700683593748, 0.7445967163085937, -3.0980969482421874, -1.1611878051757811, -4.350264416503906, -6.246472131347656, -11.487379565429686, -12.57674132080078, -9.133879333496093, -15.076287854003905, -7.503428002929687, -13.575123413085937, -4.824316345214844, -11.434707128906249, -4.469974499511719, -9.715670336914062, -2.920926025390625, -9.627084875488281, -2.8323405639648436, -9.452308154296874, -2.4349030883789062, -9.5001921875, 
lower, -7.232883215332031, 3.912125512695312, -3.1675287963867187, 2.7844565307617186, -2.4564509033203126, 1.465251416015625, -2.91134921875, -1.7860744384765623, -5.1882349975585935, -6.785167504882812, -10.572794531249999, -9.763554370117188, -10.053252770996092, -12.00213292236328, -6.698976245117187, -12.35408056640625, -6.718129858398437, -12.327744348144531, -4.139574670410156, -10.723629235839843, -3.1771056030273437, -10.47702646484375, -2.437297290039062, -9.660603698730467, -1.7932570434570312, -9.574412438964844, -1.4891934326171874, -9.437942944335937, 
lower, -6.907271789550781, 5.355829113769531, -5.449202978515625, 5.315127685546875, -3.6559459350585937, 4.601655590820312, -2.35589443359375, 2.061407629394531, -4.42448466796875, -1.637633935546875, -5.272032055664062, -5.070919116210937, -5.667075329589843, -9.203311181640624, -9.674968908691406, -12.413935607910156, -8.750807067871094, -15.552733984375, -6.469132885742187, -11.563994018554688, -5.4013189453125, -12.016498132324218, -2.9089550170898435, -10.275913525390624, -1.216254443359375, -9.737218151855469, -0.8020575561523438, -9.667786303710937, 
lower, -7.252036828613281, 5.42047255859375, -7.599196069335937, 5.652710119628906, -7.235277416992187, 5.801150622558594, -6.497863305664062, 5.61200869140625, -3.5290532470703124, 6.205770703124999, -2.7341782958984373, 3.440467785644531, -2.1930887207031247, -1.0175357055664063, -2.6599580444335937, -3.835511059570312, -4.716577270507813, -9.212887988281249, -10.481814868164061, -15.155296508789062, -11.48498536376953, -11.86805762939453, -6.83783994140625, -12.514492077636717, -5.130774157714844, -10.989385620117186, -4.338293408203125, -10.544064111328124, 
lower, -5.942408520507812, 4.582501977539062, -6.332663391113281, 5.121197351074218, -6.241683728027343, 5.0014872680664055, -5.149927770996094, 5.063736511230468, -3.191470812988281, 3.8379052612304685, -3.1651345947265623, 1.0199299072265624, -4.187458703613281, -2.070984436035156, -3.6104561035156246, -7.994239343261718, -8.02536396484375, -11.678915698242188, -8.339004382324218, -13.53442198486328, -5.698199951171874, -13.759476940917969, -4.434061474609375, -11.326968054199218, -3.7134067749023436, -11.152191333007812, -2.626439221191406, -10.666168395996094, 
lower, -7.244854223632812, 4.970362646484375, -7.632714892578124, 5.576095666503906, -7.264007836914062, 5.753266589355468, -5.382165332031249, 5.327098693847656, -4.0222587890625, 4.80755693359375, -2.6503812377929687, 3.5098996337890624, -1.3455413330078123, -0.9528922607421875, -3.6008792968749996, -4.405331054687499, -6.4092778442382805, -8.59997236328125, -10.127473022460936, -12.46181964111328, -7.618349682617187, -16.117765576171873, -5.49708701171875, -11.966219897460936, -3.88818349609375, -12.04762275390625, -3.564966271972656, -11.2240173828125, 
lower, -7.594407666015624, 3.191470812988281, -8.197746484375, 3.845087866210937, -7.5537062377929685, 4.836287353515624, -5.066130712890625, 5.2816088623046875, -4.113238452148437, 4.874594580078124, -3.201047619628906, 2.9664158569335934, -2.636016027832031, 0.04548983154296875, -3.806780639648437, -4.247313745117188, -6.330269189453125, -7.321468676757812, -8.681375219726561, -12.322955944824217, -9.667786303710937, -15.270218188476562, -6.294356164550781, -12.526463085937499, -5.837063647460937, -12.55758770751953, -4.675875842285156, -11.247959399414063, 
lower, -7.60398447265625, 6.100425830078125, -5.985504150390625, 5.240907434082031, -3.2609026611328122, 4.908113403320312, -1.0773907470703123, 2.5378537597656248, -2.3918074584960936, 0.031124621582031248, -4.508281726074219, -3.878606689453125, -4.984727856445312, -9.279925634765624, -10.184933862304687, -14.719551806640624, -5.2456958374023435, -18.052280517578122, -6.203376501464843, -13.309367028808593, -4.314351391601562, -14.018050720214843, -2.882618798828125, -9.076418493652342, -1.158793603515625, -9.624690673828125, -0.8188169677734375, -9.801861596679688, 
none, -2.114080065917969, -10.0748005859375, -2.5043349365234375, -9.267954626464844, -1.7621324218749999, -9.121908325195312, -2.5737667846679684, -9.038111267089842, -1.9393033447265624, -9.512163195800781, -0.8571241943359375, -9.548076220703125, -1.9393033447265624, -9.579200842285156, -3.450044592285156, -9.533711010742186, -2.6599580444335937, -9.600748657226562, 0.11252747802734374, -8.597578161621094, -0.33758243408203126, -9.117119921875, -2.1883003173828124, -9.938331091308592, -6.713341455078124, -8.927977990722656, 1.2569558715820313, -8.95670841064453, 
none, -2.499546533203125, -9.131485131835937, -2.6982652709960937, -9.121908325195312, -2.6791116577148437, -9.181763366699219, -2.8706477905273435, -9.481038574218749, -2.1739351074218747, -9.94072529296875, -1.0726023437499999, -9.234435803222656, -2.0254946044921875, -9.476250170898437, -4.783614916992187, -9.746794958496093, -1.0773907470703123, -8.942343200683593, -2.2481553588867187, -8.95670841064453, -3.0454245117187497, -9.313444458007812, -4.934449621582031, -9.674968908691406, -1.4006079711914061, -9.083601098632812, -1.4173673828125, -8.755595471191405, 
none, -2.990357873535156, -9.30147344970703, -3.2249896362304686, -9.4618849609375, -3.4261025756835934, -9.057264880371093, -3.356670727539062, -8.916006982421875, -3.1459809814453124, -8.968679418945312, -3.287238879394531, -8.834604125976561, -3.337517114257812, -8.628702783203124, -3.9624037475585934, -8.738836059570312, -3.2321722412109373, -8.82981572265625, -3.1004911499023438, -8.78432589111328, -3.545812658691406, -9.14824454345703, -3.1028853515624997, -9.327809667968749, -3.066972326660156, -9.643844287109374, -3.2249896362304686, -9.303867651367186, 
none, -2.9376854370117185, -9.234435803222656, -3.0406361083984375, -9.07163009033203, -3.1675287963867187, -8.973467822265624, -3.9456443359374997, -9.074024291992187, -1.8124106567382812, -8.920795385742187, -2.7916391357421872, -9.069235888671875, -4.939238024902344, -9.45470235595703, -1.2425906616210938, -8.875305554199219, -0.9504980590820312, -9.191340173339842, -6.382941625976562, -9.521740002441407, -2.205059729003906, -8.908824377441405, -0.8259995727539062, -8.66940421142578, -4.924872814941406, -9.782707983398437, -2.877830395507812, -9.509768994140625, 
none, -8.47786807861328, -0.44053310546874996, -8.86812294921875, -0.17477672119140625, -8.403647827148436, -0.12689268798828124, -8.712499841308594, -0.18435352783203124, -8.875305554199219, 0.3016694091796875, -8.657433203124999, 0.2442085693359375, -8.659827404785156, 0.04548983154296875, -8.588001354980468, 0.0383072265625, -8.719682446289061, 0.00718260498046875, -8.640673791503906, 0.14125789794921875, -8.552088330078124, 0.0383072265625, -8.52335791015625, 0.1771709228515625, -8.643067993164061, 0.20829554443359374, -8.88009395751953, 0.02154781494140625, 
none, -8.712499841308594, 2.4157494750976563, -8.779537487792968, 2.2457611572265623, -8.825027319335938, 2.2673089721679687, -8.74601866455078, 2.1906945190429687, -8.951920007324219, 2.1356278808593747, -8.844180932617187, 2.1739351074218747, -8.765172277832031, 2.221819140625, -8.810662109374999, 2.152387292480469, -8.801085302734375, 2.205059729003906, -8.853757739257812, 2.1404162841796874, -8.82981572265625, 2.166752502441406, -8.817844714355468, 2.2074539306640624, -8.585607153320312, 2.2002713256835937, -8.619125976562499, 2.3319524169921872, 
none, -9.208099584960937, 1.6328455322265625, -9.064447485351561, 1.43652099609375, -8.949525805664061, 1.4963760375976562, -9.035717065429687, 1.47482822265625, -9.124302526855468, 1.4796166259765624, -9.074024291992187, 1.47482822265625, -9.150638745117186, 1.3718775512695311, -8.91840118408203, 1.5131354492187499, -8.987833032226561, 1.4245499877929686, -9.035717065429687, 1.24498486328125, -9.088389501953124, 1.5251064575195312, -8.731653454589843, 1.5777788940429687, -9.165003955078124, 1.2737152832031249, -9.102754711914063, 1.4915876342773438, 
none, -9.114725720214842, 1.3000515014648437, -9.04050546875, 1.1923124267578125, -9.07163009033203, 1.197100830078125, -8.920795385742187, 1.218648645019531, -8.846575134277343, 1.1372457885742187, -9.686939916992188, 1.0630255371093749, -9.102754711914063, 0.9241618408203125, -8.985438830566405, 1.0773907470703123, -9.871293444824218, 1.0438719238281249, -8.360552197265624, 1.149216796875, -9.074024291992187, 1.2689268798828124, -9.246406811523437, 1.2641384765625, -8.99501563720703, 1.0869675537109373, -9.076418493652342, 1.2689268798828124, 
none, -9.141061938476563, 1.429338391113281, -8.894459167480468, 1.4317325927734375, -8.827421520996094, 1.5777788940429687, -9.22485899658203, 1.438915197753906, -9.334992272949219, 1.2761094848632812, -9.07163009033203, 1.13006318359375, -9.112331518554686, 1.1755530151367186, -9.179369165039063, 1.2617442749023438, -8.904035974121093, 1.4221557861328125, -8.959102612304687, 1.4006079711914061, -9.17458076171875, 1.4149731811523436, -8.990227233886719, 1.5083470458984374, -9.126696728515624, 1.5394716674804687, -9.105148913574219, 1.4724340209960938, 
none, -8.808267907714843, 1.2880804931640624, -8.896853369140624, 1.599326708984375, -8.832209924316405, 1.3718775512695311, -8.736441857910156, 1.5251064575195312, -8.796296899414061, 1.465251416015625, -8.98304462890625, 1.4987702392578124, -9.09796630859375, 1.5538368774414062, -9.5001921875, 1.4437036010742186, -9.105148913574219, 1.3215993164062498, -8.987833032226561, 1.20667763671875, -9.004592443847656, 1.3479355346679687, -9.165003955078124, 1.2042834350585936, -9.217676391601563, 1.446097802734375, -9.014169250488282, 1.2210428466796874, 
none, -9.150638745117186, 1.429338391113281, -9.05965908203125, 1.4149731811523436, -9.124302526855468, 1.407790576171875, -9.066841687011719, 1.3646949462890625, -9.138667736816405, 1.47482822265625, -9.13627353515625, 1.39821376953125, -9.045293872070312, 1.254561669921875, -9.069235888671875, 1.3742717529296875, -8.80347950439453, 1.905784521484375, -8.564059338378906, 2.1883003173828124, -8.820238916015624, 2.3678654418945313, -8.872911352539061, 1.9919757812499999, -8.916006982421875, 2.0661960327148434, -9.035717065429687, 1.8171990600585937, 
none, -9.006986645507812, 1.467645617675781, -8.987833032226561, 1.2617442749023438, -8.947131604003905, 1.6041151123046875, -8.95670841064453, 1.4796166259765624, -9.0021982421875, 1.5131354492187499, -9.006986645507812, 1.668758557128906, -9.17458076171875, 1.254561669921875, -9.255983618164063, 1.3311761230468748, -9.117119921875, 1.6041151123046875, -9.1554271484375, 1.4604630126953124, -8.889670764160156, 1.6448165405273436, -8.772354882812499, 1.7310078002929687, -8.88009395751953, 1.8195932617187498, -8.805873706054687, 1.8195932617187498, 
none, -8.832209924316405, 1.905784521484375, -8.82981572265625, 1.7453730102539062, -8.93755479736328, 1.5490484741210937, -8.836998327636719, 1.4221557861328125, -8.86812294921875, 1.2928688964843749, -9.200916979980468, 1.3910311645507811, -9.246406811523437, 1.4820108276367188, -9.78031378173828, 1.3862427612304686, -9.993397729492187, 1.4628572143554686, -9.885658654785155, 1.3910311645507811, -9.411606726074218, 1.5035586425781249, -9.004592443847656, 1.5227122558593749, -8.813056311035156, 1.7022773803710936, -8.858546142578124, 1.7645266235351562, 
none, -9.153032946777342, 2.104503259277344, -9.0021982421875, 2.0183119995117185, -8.762778076171875, 2.0542250244140625, -8.674192614746094, 2.094926452636719, -8.738836059570312, 2.0638018310546875, -8.695740429687499, 2.1811177124023438, -8.808267907714843, 1.9584569580078124, -8.88009395751953, 1.924938134765625, -8.588001354980468, 1.7573440185546874, -8.846575134277343, 1.9943699829101562, -9.332598071289063, 1.9393033447265624, -9.763554370117188, 1.9680337646484374, -9.789890588378906, 1.93451494140625, -9.548076220703125, 1.867477294921875, -9.074024291992187, 1.7190367919921874, 
none, -9.375693701171874, 1.8148048583984373, -9.13627353515625, 1.8698714965820311, -8.920795385742187, 2.2290017456054687, -8.865728747558594, 2.3774422485351563, -8.597578161621094, 2.1547814941406247, -8.985438830566405, 2.501940734863281, -9.303867651367186, 3.0789433349609374, -9.406818322753905, 2.703053674316406, -8.760383874511719, 2.365471240234375, -8.204929089355469, 2.003946789550781, -8.1594392578125, 2.1068974609374997, -8.200140686035155, 2.094926452636719, -8.453926062011718, 2.499546533203125, -8.813056311035156, 2.8323405639648436, -8.947131604003905, 2.6431986328124997, 
none, -8.671798413085938, 2.2361843505859373, -9.138667736816405, 2.1260510742187497, -9.026140258789061, 2.1978771240234374, -8.386888415527343, 2.2170307373046874, -8.173804467773436, 2.2457611572265623, -8.281543542480469, 2.499546533203125, -8.808267907714843, 3.258508459472656, -8.815450512695312, 3.1411925781249996, -8.963891015625, 2.4061726684570313, -8.74601866455078, 2.834734765625, -9.490615380859374, 3.0621839233398433, -9.363722692871093, 2.6384102294921874, -8.741230261230468, 2.418143676757812, -8.403647827148436, 2.5641899780273434, 
none, -8.815450512695312, 3.366247534179687, -8.465897070312499, 2.925714428710937, -8.511386901855468, 2.3247698120117186, -8.767566479492187, 1.6807295654296874, -8.712499841308594, 1.68551796875, -8.494627490234375, 1.9823989746093749, -8.8489693359375, 1.678335363769531, -9.205705383300781, 1.7717092285156248, -9.006986645507812, 1.6903063720703124, -8.980650427246093, 2.2266075439453124, -8.951920007324219, 2.0638018310546875, -9.014169250488282, 2.142810485839844, -8.973467822265624, 3.066972326660156, -9.062053283691405, 2.9544448486328125, 
none, -9.18655177001953, 2.085349645996094, -8.916006982421875, 1.7860744384765623, -8.839392529296875, 1.3144167114257812, -8.844180932617187, 1.1851298217773436, -8.834604125976561, 1.2832920898437499, -8.760383874511719, 1.7980454467773437, -8.645462194824217, 2.4157494750976563, -8.82263311767578, 2.786850732421875, -8.913612780761719, 2.1739351074218747, -8.571241943359375, 2.5067291381835934, -8.63109698486328, 2.5474305664062498, -9.069235888671875, 2.4349030883789062, -9.258377819824219, 2.01112939453125, -8.851363537597656, 2.8012159423828122, 
none, -8.863334545898438, 3.5003228271484375, -8.726865051269531, 3.0047230834960934, -8.528146313476562, 2.454056701660156, -8.750807067871094, 2.592920397949219, -8.769960681152343, 2.262520568847656, -8.990227233886719, 1.5969325073242187, -8.920795385742187, 1.8219874633789062, -8.626308581542968, 1.8531120849609375, -8.614337573242187, 1.6256629272460936, -9.0788126953125, 1.6400281372070311, -8.793902697753905, 1.5801730957031248, -8.80347950439453, 1.7118541870117185, -8.801085302734375, 2.1883003173828124, -8.712499841308594, 2.70065947265625, 
none, -8.86812294921875, 3.009511486816406, -9.129090930175781, 2.839523168945312, -9.227253198242186, 2.528276953125, -8.99501563720703, 1.5801730957031248, -8.949525805664061, 0.30885201416015623, -9.03332286376953, 0.28012159423828126, -8.657433203124999, 0.4261678955078125, -9.016563452148437, 0.6584054565429687, -8.834604125976561, 1.3910311645507811, -8.748412866210938, 1.2641384765625, -8.705317236328124, 1.1276689819335937, -8.643067993164061, 1.1755530151367186, -9.100360510253905, 1.7238251953125, -9.603142858886718, 2.2098481323242187, 
none, -8.777143286132812, 2.0374656127929685, -8.805873706054687, 2.588131994628906, -8.532934716796875, 2.1499930908203124, -8.463502868652343, 1.867477294921875, -8.674192614746094, 1.4245499877929686, -9.239224206542968, 1.7932570434570312, -9.404424121093749, 1.838746875, -9.117119921875, 1.9895815795898437, -9.052476477050782, 1.8602946899414061, -8.968679418945312, 2.2744915771484373, -9.014169250488282, 2.04943662109375, -9.054870678710937, 2.1883003173828124, -8.980650427246093, 2.6599580444335937, -8.839392529296875, 2.5450363647460934, 
none, -9.009380847167968, 2.602497204589844, -9.0788126953125, 2.365471240234375, -8.961496813964843, 1.9536685546875, -8.75320126953125, 1.2593500732421874, -8.480262280273436, 0.7805097412109374, -8.63109698486328, 0.9792284790039062, -9.083601098632812, 1.3335703247070312, -9.157821350097656, 1.8219874633789062, -9.222464794921875, 2.2960393920898436, -9.229647399902344, 2.0278888061523435, -8.990227233886719, 1.7525556152343749, -8.971073620605468, 2.272097375488281, -8.973467822265624, 2.001552587890625, -8.913612780761719, 2.001552587890625, 
none, -9.050082275390624, 2.693476867675781, -9.1554271484375, 2.7844565307617186, -8.966285217285156, 2.4875755249023435, -9.133879333496093, 2.1883003173828124, -9.162609753417968, 1.6735469604492186, -8.777143286132812, 1.3958195678710936, -9.121908325195312, 0.6416460449218749, -9.138667736816405, 0.9433154541015625, -9.026140258789061, 1.0965443603515623, -8.738836059570312, 1.8507178833007811, -8.456320263671875, 2.375048046875, -8.317456567382813, 2.5234885498046875, -8.410830432128906, 3.057395520019531, -8.508992700195313, 3.2058360229492187, 
none, -9.191340173339842, 1.6208745239257811, -9.133879333496093, 1.2761094848632812, -8.916006982421875, 1.2856862915039062, -8.805873706054687, 1.2952630981445312, -8.736441857910156, 1.9488801513671874, -9.162609753417968, 2.3511060302734372, -8.604760766601562, 2.528276953125, -8.295908752441406, 2.3319524169921872, -8.513781103515624, 1.7501614135742187, -9.236830004882812, 1.675941162109375, -9.205705383300781, 1.4772224243164063, -9.373299499511718, 1.5490484741210937, -9.296685046386719, 1.7669208251953124, -8.949525805664061, 2.059013427734375, 
none, -8.832209924316405, 2.8658593872070313, -8.566453540039062, 3.105279553222656, -9.03332286376953, 2.592920397949219, -8.978256225585938, 2.099714855957031, -9.258377819824219, 1.6543933471679686, -9.05965908203125, 0.8810662109374999, -8.987833032226561, 1.2234370483398436, -8.786720092773438, 1.2138602416992186, -8.602366564941406, 0.9457096557617187, -8.892064965820312, 1.5227122558593749, -8.875305554199219, 2.578555187988281, -8.781931689453124, 2.722207287597656, -8.695740429687499, 2.4851813232421875, -8.595183959960938, 2.530671154785156, 
none, -9.102754711914063, 2.128445275878906, -8.911218579101561, 1.4149731811523436, -9.117119921875, 1.2928688964843749, -9.143456140136719, 0.9169792358398436, -8.82981572265625, 0.63206923828125, -8.781931689453124, 1.2976572998046874, -8.762778076171875, 2.0350714111328125, -9.172186560058593, 2.7629087158203123, -8.834604125976561, 2.1739351074218747, -9.028534460449219, 1.8698714965820311, -9.045293872070312, 1.8363526733398436, -9.287108239746093, 1.5083470458984374, -8.954314208984375, 0.9145850341796874, -9.188945971679686, 0.8810662109374999, 
none, -9.181763366699219, 2.5905261962890624, -8.947131604003905, 2.099714855957031, -9.112331518554686, 1.4317325927734375, -9.076418493652342, 1.1180921752929687, -9.196128576660156, 0.20350714111328125, -9.167398156738281, 0.622492431640625, -8.827421520996094, 0.8068459594726562, -8.8872765625, 0.5626373901367188, -8.774749084472656, 1.3958195678710936, -9.026140258789061, 2.437297290039062, -8.98304462890625, 2.8850130004882812, -8.827421520996094, 2.664746447753906, -8.667010009765624, 2.4971523315429685, -8.856151940917968, 2.0542250244140625, 
none, -9.100360510253905, 1.908178723144531, -9.052476477050782, 1.5705962890624998, -9.167398156738281, 0.8307879760742187, -8.894459167480468, 0.7038952880859375, -8.652644799804687, 1.024718310546875, -8.56166513671875, 1.6519991455078125, -8.657433203124999, 1.8339584716796873, -8.853757739257812, 2.085349645996094, -9.634267480468749, 2.863465185546875, -9.449913952636718, 2.990357873535156, -9.047688073730468, 2.252943762207031, -8.954314208984375, 1.8267758666992187, -8.997409838867187, 1.3431471313476562, -8.911218579101561, 1.5298948608398437, 
raise, -5.537788439941406, 4.261678955078125, -6.641515405273437, 4.012681982421875, -7.244854223632812, 4.594472985839843, -7.802703210449218, 4.398148449707031, -8.497021691894531, 4.149151477050781, -8.489839086914062, 4.0222587890625, -8.267178332519531, 4.091690637207031, -8.06367119140625, 4.046200805664062, -8.039729174804688, 4.077325427246094, -8.118737829589843, 4.077325427246094, -8.185775476074218, 4.053383410644531, -8.152256652832031, 4.00310517578125, -8.17859287109375, 4.00310517578125, -8.123526232910155, 3.9695863525390624, 
raise, -4.6830584472656245, -8.604760766601562, -4.905719201660156, -8.726865051269531, -7.668627917480468, -9.957484704589843, -11.79144317626953, -11.513715783691406, -10.369287390136718, -12.9861498046875, -6.8785413696289055, -11.745953344726562, -3.5625720703124997, -8.547299926757812, -4.434061474609375, -4.410119458007812, -4.972756848144531, -0.028730419921875, -5.032611889648437, 2.427720483398437, -5.786785412597656, 4.11802685546875, -5.84185205078125, 4.388571643066406, -6.931213806152344, 4.3263223999023435, -7.979874133300781, 4.192247106933594, 
raise, -0.6296750366210937, -9.81862100830078, -0.32561142578124996, -9.842563024902343, -1.1061211669921875, -9.967061511230469, -3.23696064453125, -10.884040747070312, -9.758765966796874, -13.747505932617187, -9.734823950195311, -17.214309936523435, -3.651157531738281, -16.886304309082032, -3.5625720703124997, -12.548010900878905, -1.6927005737304686, -8.762778076171875, -1.9536685546875, -3.9169139160156248, -3.782838623046875, 3.6343981201171873, -4.295197778320312, 4.673481640625, -5.341463903808593, 5.604826086425781, -5.659892724609374, 5.849034655761718, 
raise, -1.6639701538085936, -9.849745629882811, -2.442085693359375, -9.689334118652344, -2.4349030883789062, -9.976638317871092, -4.3622354248046875, -10.453084448242187, -9.299079248046874, -12.418724011230468, -10.307038146972655, -14.85602130126953, -6.835445739746094, -14.137760803222655, -4.276044165039062, -10.556035119628906, -2.3319524169921872, -6.4284314575195305, -1.0414777221679687, -2.9831752685546875, -3.938461730957031, 1.6472107421875, -6.248866333007812, 1.1635820068359375, -8.755595471191405, 1.4772224243164063, -9.313444458007812, 0.8164227661132812, 
raise, -3.0645781249999997, -9.404424121093749, -3.2609026611328122, -8.913612780761719, -2.511517541503906, -9.382876306152344, -6.572083557128906, -10.421959826660157, -12.746729638671875, -13.297396020507811, -7.278373046874999, -15.325284826660155, -5.446808776855469, -12.586318127441405, -5.193023400878906, -9.950302099609374, -3.248931652832031, -7.4794859863281244, -3.8187516479492185, -2.427720483398437, -3.35188232421875, 3.248931652832031, -4.984727856445312, 4.438849877929687, -5.947196923828125, 5.106832141113281, -7.0652890991210935, 4.7381250854492185, 
raise, -3.574543078613281, -9.313444458007812, -4.201823913574218, -9.129090930175781, -8.702923034667968, -10.180145458984374, -12.349292163085936, -13.43865391845703, -9.497797985839844, -15.246276171875, -5.425260961914062, -13.211204760742186, -2.9951462768554684, -8.049305981445311, -2.93050283203125, -3.3710359375, -2.7078420776367187, 0.0430956298828125, -3.909731311035156, 2.482787121582031, -5.437231970214843, 4.084508032226562, -6.174646081542968, 5.137956762695312, -7.024587670898437, 5.434837768554687, -7.50821640625, 5.0948611328124995, 
raise, -2.806004345703125, -8.951920007324219, -2.499546533203125, -9.10993731689453, -3.861847277832031, -9.651026892089844, -8.623914379882812, -12.07874737548828, -10.793061083984375, -14.717157604980468, -7.307103466796875, -15.037980627441405, -4.6998178588867185, -12.540828295898438, -3.768473413085937, -7.410054138183593, -2.4253262817382812, -2.2026655273437497, -3.057395520019531, 3.0980969482421874, -2.9975404785156248, 5.53539423828125, -4.153939880371094, 6.830657336425781, -4.8650177734375, 6.833051538085937, -6.023811376953125, 6.9719152343749995, 
raise, -4.733336682128906, -8.743624462890624, -4.582501977539062, -8.628702783203124, -3.6391865234374996, -9.198522778320312, -6.72291826171875, -9.730035546875, -11.935095275878906, -11.793837377929687, -12.224793676757812, -14.45379542236328, -6.813897924804687, -14.609418530273437, -2.8706477905273435, -10.955866796875, -1.8650830932617186, -4.860229370117187, -1.7980454467773437, 1.0031704956054688, -3.0693665283203124, 4.570530969238281, -5.331887097167969, 5.111620544433594, -5.985504150390625, 5.5545478515625, -6.610390783691406, 5.530605834960937, 
raise, -3.440467785644531, -8.975862023925782, -2.93050283203125, -9.114725720214842, -3.555389465332031, -9.07163009033203, -9.907206469726562, -10.965443603515624, -10.572794531249999, -14.425065002441405, -8.379705810546875, -15.998055493164062, -4.187458703613281, -12.275071911621094, -3.3782185424804685, -4.522646936035156, -3.873818286132812, -0.7637503295898437, -4.055777612304687, 2.2002713256835937, -5.027823486328125, 3.921702319335937, -6.356605407714843, 4.611232397460937, -6.845022546386718, 5.473144995117187, -7.436390356445312, 5.355829113769531, 
raise, -3.6200329101562496, -9.991003527832031, -5.667075329589843, -10.077194787597655, -10.144232434082031, -11.360486877441405, -9.849745629882811, -13.393164086914062, -8.087613208007811, -13.436259716796874, -5.104437939453125, -10.728417639160156, -3.3303345092773435, -5.746083984375, -1.7884686401367187, -1.678335363769531, -2.7964275390625, 3.0645781249999997, -3.385401147460937, 5.1714755859374995, -4.529829541015625, 6.349422802734375, -5.8226984375, 6.308721374511719, -5.829881042480468, 6.248866333007812, -6.289567761230469, 5.951985327148437, 
raise, -1.889025109863281, -9.804255798339844, -3.0741549316406247, -10.283096130371094, -9.572018237304688, -12.19366905517578, -8.480262280273436, -14.994884997558593, -7.955932116699218, -16.23029305419922, -4.383783239746093, -13.057975854492186, -3.878606689453125, -7.338228088378906, -1.8746598999023436, -3.1555577880859373, -3.27526787109375, 1.6903063720703124, -4.7022120605468745, 4.778826513671874, -5.729324572753906, 5.501875415039062, -6.306327172851562, 5.779602807617187, -6.957550024414062, 5.604826086425781, -7.3861121215820305, 5.389347937011719, 
raise, -4.225765930175781, -9.995791931152343, -7.599196069335937, -11.202469567871093, -10.893617553710937, -14.11621298828125, -7.843404638671874, -15.20078634033203, -4.984727856445312, -13.505691564941406, -3.1196447631835937, -8.990227233886719, -2.863465185546875, -3.459621398925781, -1.9225439331054686, 0.9121908325195311, -3.0909143432617188, 3.6942531616210936, -4.563348364257812, 5.422866760253906, -5.872976672363281, 5.6766521362304685, -6.490680700683593, 5.908889697265625, -6.782773303222656, 5.990292553710937, -7.132326745605468, 5.767631799316406, 
raise, -2.6503812377929687, -9.392453112792968, -3.6200329101562496, -10.172962854003906, -9.765948571777344, -11.231199987792968, -10.40041201171875, -13.261482995605467, -7.8170684204101555, -14.520833068847656, -5.971138940429687, -12.950236779785156, -2.4061726684570313, -9.394847314453125, -2.2960393920898436, 0.3591302490234375, -2.442085693359375, 2.1930887207031247, -3.0119056884765625, 5.916072302246094, -4.304774584960938, 6.653486413574218, -5.719747766113281, 7.086836914062499, -6.093243225097656, 7.184999182128906, -6.358999609374999, 6.964732629394531, 
raise, -2.4660277099609376, -9.78031378173828, -3.6559459350585937, -10.031704956054687, -9.121908325195312, -10.927136376953124, -11.628637463378906, -14.226346264648436, -6.7037646484375, -15.452177514648437, -4.297591979980469, -13.318943835449218, -3.172317199707031, -8.573636145019531, -2.001552587890625, -1.8938135131835936, -1.3838485595703125, 3.2225954345703123, -2.418143676757812, 5.884947680664062, -4.247313745117188, 6.68461103515625, -4.836287353515624, 6.811503723144531, -5.228936425781249, 6.885723974609375, -5.585672473144531, 6.710947253417968, 
raise, -2.5426421630859375, -9.320627062988281, -2.24097275390625, -9.53131680908203, -3.342305517578125, -10.007762939453125, -9.481038574218749, -11.02529864501953, -10.28549033203125, -14.623783740234375, -7.486668591308593, -15.789759948730469, -4.163516687011718, -14.918270544433593, -3.0597897216796874, -10.773907470703124, -2.0661960327148434, -3.859453076171875, -2.9855694702148434, 2.8203695556640622, -3.450044592285156, 5.257666845703125, -4.829104748535156, 6.241683728027343, -6.0333881835937495, 6.153098266601562, -6.011840368652344, 6.624755993652343, 
raise, -3.071760729980469, -9.483432775878907, -3.1004911499023438, -9.382876306152344, -3.0597897216796874, -9.830592016601562, -6.979097839355468, -10.204087475585936, -9.672574707031249, -12.873622326660156, -8.836998327636719, -14.563928698730468, -5.5090580200195305, -15.286977600097655, -3.9791631591796874, -11.267113012695312, -2.2744915771484373, -5.224148022460938, -1.5705962890624998, 2.109291662597656, -2.9041666137695312, 5.238513232421875, -4.276044165039062, 6.354211206054687, -5.164292980957031, 7.070077502441406, -5.315127685546875, 7.216123803710937, 
raise, -3.4069489624023435, -8.920795385742187, -3.821145849609375, -9.0021982421875, -12.224793676757812, -11.994950317382811, -10.59194814453125, -13.941436267089843, -6.6893994384765625, -13.405135095214844, -4.881777185058594, -11.121066711425781, -3.536235852050781, -7.400477331542969, -2.521094348144531, -1.9512743530273435, -4.216189123535156, 4.199429711914062, -3.5984850952148437, 5.626373901367187, -4.680664245605469, 6.177040283203125, -5.293579870605469, 6.710947253417968, -5.377376928710937, 6.993463049316406, -5.4515971801757805, 7.000645654296875, 
raise, -3.2800562744140622, -9.2320416015625, -3.153163586425781, -9.236830004882812, -3.8762124877929685, -9.325415466308593, -8.396465222167969, -10.321403356933594, -11.832144604492187, -12.84489190673828, -9.672574707031249, -15.073893652343749, -6.320692382812499, -13.912705847167969, -3.469198205566406, -10.077194787597655, -2.0829554443359375, -4.589684582519531, -1.7836802368164062, 2.473210314941406, -2.50912333984375, 5.966350537109375, -3.622427111816406, 7.038952880859375, -4.73094248046875, 7.438784558105469, -5.655104321289063, 7.548917834472656, 
raise, -4.00310517578125, -9.60793126220703, -3.725377783203125, -9.545682019042967, -4.534617944335937, -9.586383447265625, -7.4770917846679685, -10.97502041015625, -11.145008728027342, -13.546392993164062, -7.764395983886718, -14.247894079589843, -5.827486840820312, -10.500968481445312, -2.1906945190429687, -5.9950809570312495, -2.9951462768554684, -1.5634136840820312, -4.273649963378906, 0.9576806640625, -6.730100866699218, 3.3710359375, -6.988674645996094, 4.161122485351562, -7.682993127441406, 4.364629626464843, -7.615955480957031, 4.3239281982421875, 
raise, -10.805032092285156, -10.409988818359375, -11.903970654296874, -12.435483422851561, -8.487444885253906, -12.9861498046875, -5.6024318847656245, -9.105148913574219, -4.106055847167968, -5.635950708007812, -3.9887399658203124, -1.924938134765625, -4.417302062988281, 2.4899697265625, -5.351040710449219, 4.7764323120117185, -4.534617944335937, 6.490680700683593, -5.446808776855469, 6.212953308105468, -6.208164904785156, 6.227318518066406, -6.452373474121093, 6.430825659179687, -6.385335827636719, 6.394912634277343, -6.797138513183594, 6.275202551269531, 
lower, -7.378929516601562, 4.3263223999023435, -4.8698061767578125, 4.146757275390625, -3.153163586425781, 2.2026655273437497, -3.1962592163085937, -0.1197100830078125, -5.039794494628906, -3.086125939941406, -9.325415466308593, -8.422801440429687, -10.192116467285155, -10.771513269042968, -8.633491186523438, -12.715605017089842, -6.677428430175781, -11.463437548828125, -5.384559533691406, -9.995791931152343, -4.800374328613281, -9.457096557617186, -4.106055847167968, -9.909600671386718, -2.205059729003906, -9.792284790039062, -1.9656395629882812, -9.497797985839844, 
lower, -7.141903552246093, 5.511452221679687, -6.909665991210937, 5.068524914550781, -6.320692382812499, 5.008669873046875, -5.662286926269531, 4.192247106933594, -5.2456958374023435, 3.3710359375, -3.8953661010742184, 0.34237083740234375, -6.1459156616210935, -1.7549498168945312, -4.113238452148437, -7.1035963256835934, -6.315903979492187, -10.13226142578125, -7.75721337890625, -15.531186169433592, -9.172186560058593, -13.970166687011718, -6.663063220214843, -11.911153259277343, -2.7054478759765623, -9.696516723632811, -0.3758896606445312, -9.600748657226562, 
lower, -6.8976949829101555, 5.849034655761718, -6.79953271484375, 5.6024318847656245, -6.361393811035156, 5.659892724609374, -4.548983154296875, 4.742913488769531, -2.384624853515625, 1.1707646118164061, -3.0909143432617188, 0.19871873779296872, -4.88417138671875, -2.612074011230469, -10.105925207519531, -6.179434484863281, -10.905588562011719, -14.451401220703124, -8.480262280273436, -13.682862487792969, -5.082890124511718, -11.48498536376953, -2.379836450195312, -9.90241806640625, -2.6001030029296874, -10.062829577636718, -1.189918225097656, -9.883264453125, 
lower, -6.986280444335937, 4.687846850585937, -7.218518005371093, 5.231330627441406, -6.6510922119140625, 5.609614489746093, -6.433219860839843, 5.549759448242187, -4.7931917236328125, 3.9456443359374997, -1.7381904052734374, 2.3032219970703123, 1.838746875, -2.7054478759765623, -5.518634826660156, -5.9376201171875, -8.307879760742187, -12.866439721679686, -8.597578161621094, -19.6133, -9.550470422363281, -13.500903161621093, -5.4515971801757805, -11.959037292480469, -3.9719805541992184, -10.364498986816406, -1.1276689819335937, -9.674968908691406, 
lower, -7.637503295898437, 5.090072729492187, -7.3837179199218745, 5.298368273925781, -7.096413720703125, 4.910507604980468, -6.924031201171875, 4.833893151855468, -6.622361791992187, 4.321533996582031, -5.327098693847656, 3.4165257690429685, -1.2617442749023438, 0.5578489868164063, -3.0358477050781247, -1.5131354492187499, -5.305550878906249, -5.829881042480468, -8.971073620605468, -11.195286962890624, -7.709329345703124, -17.1999447265625, -10.740388647460938, -13.206416357421874, -4.07971962890625, -10.89122335205078, -4.460397692871093, -10.594342346191405, 
lower, -6.940790612792968, 3.7205893798828122, -5.626373901367187, 3.9647979492187497, -4.4005426513671875, 1.6927005737304686, -3.5601778686523438, -0.3495534423828125, -1.9416975463867185, -3.69664736328125, -6.4475850708007805, -9.306261853027344, -6.7085530517578125, -16.826449267578123, -11.504138977050781, -16.52238565673828, -5.279214660644531, -12.509703674316405, -5.746083984375, -11.10191309814453, -1.9488801513671874, -10.441113439941406, -0.55545478515625, -9.662997900390625, -0.37828386230468747, -9.686939916992188, -0.26336218261718747, -9.397241516113281, 
lower, -8.154650854492187, 4.089296435546875, -7.893682873535155, 4.441244079589843, -6.289567761230469, 4.187458703613281, -5.197811804199218, 3.7708676147460936, -2.480392919921875, 1.3048399047851562, -1.2952630981445312, -0.9026140258789062, -2.4061726684570313, -4.199429711914062, -8.142679846191406, -9.622296472167967, -9.919177478027343, -17.89426320800781, -10.828974108886719, -15.684415075683592, -4.695029455566406, -10.467449658203124, -3.8666356811523435, -10.050858569335936, -1.9632453613281249, -10.012551342773437, -1.0797849487304687, -9.5384994140625, 
lower, -5.128379956054687, 1.8339584716796873, -5.013458276367187, 3.6080619018554687, -5.386953735351562, 4.091690637207031, -5.604826086425781, 3.921702319335937, -4.898536596679687, 3.957615344238281, -3.210624426269531, 1.9895815795898437, -1.7621324218749999, -1.5586252807617187, 0.1292868896484375, -4.295197778320312, -10.536881506347656, -9.471461767578125, -5.03740029296875, -19.6133, -12.701239807128905, -16.728286999511717, -3.39018955078125, -11.480196960449218, -4.378994836425781, -11.022904443359375, -1.120486376953125, -10.077194787597655, 
lower, -6.969521032714844, 4.829104748535156, -4.510675927734375, 2.7437551025390623, -0.06703764648437499, 0.3950432739257812, -2.3343466186523436, -2.6336218261718747, -7.560888842773437, -7.096413720703125, -9.588777648925781, -15.042769030761718, -9.193734375, -16.907852124023435, -6.236895324707031, -12.363657373046875, -3.5386300537109374, -11.343727465820312, -3.1579519897460937, -10.038887561035155, -1.4628572143554686, -9.871293444824218, -0.6296750366210937, -9.655815295410155, -0.5027823486328125, -9.619902270507811, -1.6543933471679686, -9.765948571777344, 
lower, -6.318298181152343, 5.2648494506835934, -6.797138513183594, 5.008669873046875, -6.0333881835937495, 5.0014872680664055, -2.31758720703125, 3.172317199707031, -0.7302315063476562, -0.22744915771484372, -1.6998831787109374, -2.6791116577148437, -6.9336080078124995, -6.806715319824218, -9.861716638183593, -14.020444921874999, -9.86411083984375, -16.2039568359375, -7.445967163085937, -12.674903588867187, -4.88417138671875, -10.723629235839843, -2.6695348510742187, -9.859322436523437, -2.04943662109375, -10.024522351074218, -2.2936451904296873, -9.502586389160156, 
lower, -5.592855078125, 0.59376201171875, -6.217741711425781, 1.9823989746093749, -6.849810949707031, 2.7198130859375, -6.715735656738281, 2.6958710693359373, -4.99909306640625, 2.1835119140624997, -2.8227637573242186, 0.6177040283203125, -4.620809204101562, -1.0534487304687499, -7.017405065917968, -4.1946413085937495, -8.130708837890625, -7.912836486816405, -7.606378674316406, -10.867281335449219, -8.264784130859374, -11.961431494140625, -6.591237170410156, -11.520898388671874, -5.566518859863281, -10.448296044921875, -4.108450048828125, -10.299855541992187, 
lower, -6.849810949707031, 3.744531396484375, -5.743689782714843, 2.906560815429687, -5.853823059082031, 1.8626888916015625, -5.240907434082031, 0.23223756103515625, -4.177881896972656, -3.342305517578125, -7.630320690917968, -5.4707507934570305, -8.664615808105468, -9.598354455566406, -8.616731774902343, -11.226411584472656, -8.722076647949219, -10.692504614257812, -6.373364819335937, -11.176133349609374, -4.766855505371093, -11.312602844238281, -2.568978381347656, -11.2240173828125, -2.3319524169921872, -9.200916979980468, -2.0829554443359375, -9.325415466308593, 
lower, -4.44363828125, 1.66636435546875, -5.889736083984375, 3.375824340820312, -6.459556079101562, 3.584119885253906, -5.781997009277344, 2.961627453613281, -5.027823486328125, 2.712630480957031, -4.410119458007812, 1.5969325073242187, -4.716577270507813, -0.6344634399414062, -5.717353564453124, -3.2130186279296873, -6.076483813476562, -8.341398583984375, -10.63025537109375, -13.479355346679686, -10.223241088867187, -13.692439294433592, -5.123591552734375, -11.089942089843749, -4.295197778320312, -10.402806213378906, -3.5410242553710933, -9.945513696289062, 
lower, -6.888118176269531, 3.8857892944335934, -7.589619262695312, 3.9408559326171875, -6.9527616210937495, 3.6942531616210936, -5.492298608398437, 3.995922570800781, -4.805162731933594, 2.839523168945312, -3.2561142578125, 1.20667763671875, -3.220201232910156, -1.649604943847656, -5.758054992675781, -6.050147595214844, -7.230489013671875, -10.599130749511717, -7.4411787597656245, -15.260641381835937, -8.384494213867187, -13.338097448730467, -4.80755693359375, -11.975796704101562, -4.486733911132812, -10.673351000976561, -3.555389465332031, -9.76116016845703, 
lower, -5.705382556152343, 1.7477672119140624, -6.888118176269531, 3.699041564941406, -6.849810949707031, 4.273649963378906, -6.347028601074219, 3.727771984863281, -6.418854650878906, 3.845087866210937, -6.8569935546875, 3.0262708984374997, -4.529829541015625, 1.6519991455078125, -1.697488977050781, -0.5410895751953124, -4.2329485351562495, -4.3813890380859375, -8.06367119140625, -9.260772021484375, -9.267954626464844, -13.998897106933592, -8.389282617187499, -13.898340637207031, -5.88015927734375, -11.305420239257812, -4.967968444824218, -10.702081420898438, 
lower, -6.600813977050781, 1.7836802368164062, -6.356605407714843, 2.4899697265625, -6.349422802734375, 3.440467785644531, -7.062894897460937, 3.5122938354492184, -6.713341455078124, 3.4332851806640625, -4.386177441406249, 1.2569558715820313, -2.3415292236328122, -0.062249243164062495, -2.059013427734375, -4.678270043945313, -10.105925207519531, -7.453149768066406, -11.824961999511718, -14.865598107910156, -7.153874560546875, -15.818490368652343, -5.576095666503906, -11.640608471679688, -3.9719805541992184, -10.694898815917968, -3.6343981201171873, -9.600748657226562, 
lower, -6.445190869140625, 3.323151904296875, -5.760449194335937, 3.5889082885742187, -5.971138940429687, 3.5386300537109374, -4.8314989501953125, 3.4931402221679684, -3.81156904296875, 2.2026655273437497, -2.9041666137695312, -0.01915361328125, -2.858676782226562, -3.347093920898437, -5.561730456542969, -7.9104422851562495, -8.10197841796875, -13.96298408203125, -12.490550061035156, -15.028403820800781, -8.192958081054687, -12.186486450195313, -5.9783215454101555, -8.614337573242187, -3.6727053466796873, -9.296685046386719, -3.4093431640625, -9.279925634765624, 
lower, -8.058882788085937, 2.612074011230469, -8.185775476074218, 2.8107927490234372, -7.474697583007812, 2.6910826660156246, -5.662286926269531, 1.7573440185546874, -3.0166940917968748, -0.45010991210937495, -1.5825672973632812, -1.0534487304687499, -4.5968671875, -3.411737365722656, -6.6151791870117185, -8.966285217285156, -9.86411083984375, -13.196839550781249, -8.09479581298828, -14.997279199218749, -6.792350109863281, -12.842497705078124, -3.4931402221679684, -10.824185705566405, -2.375048046875, -10.129867224121092, -2.1068974609374997, -8.647856396484375, 
lower, -7.4603323730468745, 3.356670727539062, -8.367734802246094, 3.536235852050781, -8.346186987304687, 3.019088293457031, -8.066065393066406, 2.817975354003906, -7.218518005371093, 2.7653029174804686, -5.95677373046875, 1.0821791503906248, -2.4588451049804685, -0.36152445068359373, -3.3255461059570313, -1.4341267944335936, -5.7700260009765625, -5.2648494506835934, -10.520122094726561, -10.790666882324219, -7.857769848632812, -17.34599102783203, -8.667010009765624, -12.820949890136719, -5.027823486328125, -11.288660827636718, -3.526659045410156, -9.751583361816406, 
lower, -8.645462194824217, 1.9033903198242186, -6.739677673339843, 1.2018892333984375, -0.16998831787109375, 0.3591302490234375, -1.6112977172851561, -2.3822306518554686, -5.487510205078125, -6.330269189453125, -10.263942517089843, -9.835380419921874, -10.874463940429687, -12.428300817871094, -8.769960681152343, -11.748347546386718, -6.349422802734375, -10.771513269042968, -5.032611889648437, -10.01015714111328, -3.6727053466796873, -9.583989245605467, -3.086125939941406, -9.634267480468749, -2.817975354003906, -9.394847314453125, -2.6479870361328124, -9.452308154296874, 